650 INDEX SCRIPTORVM

Vergilius Aeneidos Vergilius Aeneidos
III 561 V 472, 1 III 691 IIII 24, 27
569 sq. 111 197, 24 694 V11 303, 23
573 1111 513, 13.V592,11 699 Ι 414, 11. V11 416,
533 sq. 111 363, 9 25
535 sq. 111 105, 12 702 V 954, 91. 399, 17
588 V 29, 32. V1 29, 13 704 11 303, 19
590 1111 230, 13 715 1111 153, 3. V 67, 99.
591 V1 36, 19 518, 11
596 V 67, 9. 403, 35 717 V 271, 27
599 sq. Ῑ 233, 21 718 ΠΠ 539, 3
602 Ῑ 16, 2. 435, 30. V IIII 1 III 478, 8. VI 10, 13.
401, 14. 517, 14 71, 99. 190, 97.
604 ΙΙΙ 935, 91 121, 14. 155, 15.
507 1 262, 20. 402, 13. 979,15.380,1843.
· V11 514, 99 384, 1950. Vn 69,
607 sq, 111 357, 99 99. 351, 18
510 VII 492, 15 1 sq. ΙΙΙ 190, 90
513 1111 24, 97 9 11 945, 8. V 593, 23
514 1111 83, 5 3 VII 505, 94
515 V 66, 16 . 3 sq. 1 447, 1
517 1 15‚1.1111253,20. 6 Ι 461, 18. vl 455,
359, 5*. 494, 19. 16. 457, 99
478, 95. V 117, 4. 9 1 101, 22
VI 30, 94. 930, 9. 10 ΙΙΙ 135, 98. V11 507,
949, 9. 587, 95 19*
519 1 459,4;8. 1111400, 12 V 579, 22
17. V 307, 25 13 Ι 310, 19. IIII 15,
619 eq. ΙΙ 579, 1 , 36. V11 119, 10
621 III 278, 5. V 19, 35. 15 Ι 377, 14
549, 15. VI 442, 15 sq. 111 948, 10
99 18 Ι 311, 91. ῐ398, 15.
598 111 217, 11 V11 500, 9
629 111 315, 1 19 V 509, 12
636 VII 120, 22 20 V 579, 4
541 VI 453, 11 99 1111 424, 36. V 31, 1.
543 VII 477,10 119, 15, 908, 9.
644 VI 27, 20 - 399. 24. VI 230,
547 1 15, 3. 423, 34. 1111 22. 242, 17. 374,
990, 33. 935, 5. 1557. 587, 93
987, 19. 958, 99. 243 27 ΙΙΙ 948, 19
359, 5*. 494, 13. 97 1 395, 3. V 403, 32.
478, 26. V 117, 1. VII 421, 27
Vl 27, 19. 30, 95. 34 11 359, 6
230, 9. 242 3 37 V11 463, 12
643 VII 513, 8 s 41 Π 343, 9
549 1111 125, 11. V 574, 50 111 59, 11. V 64, 6.
15 V11 439, 34
653 1 34, 2. 530, 3. 1111 52 1 442, 10. 1111 263,
143, 18 19. V 299, 7. 389,
661 ΙΠῙ 393, 23 3. 400, 17. V1220¹
663 Ι 398, 11. 381, 15. 99
11 471, 3 56 1111 134, 16
671 ΙΙ 951, 99 . 57 Π 350, 90. Vll 493,
675 1111 234, 31 25
675 sq. ΙΙ 544, 93 51 ΠΠ 430, 35
678 VI 464, 26 61 sq. H 358, 21
684 ΙΠῙ 250, 26 62 1413, 29. V 521,
685 sq. III 241, 8 24. Vll 424, 2
585 111 61, 93 19 63 Vll 473, 6

690 sq. II 561, 25 66 Ι 386,29.ΙῙῙῙ 186,24

