INDEX SCRIPTORVM

607

345, 19. 391, 1. 400, 8. 584, 24. 590, Lucretius (16 rerum natura.

9³¹³. 618, 16. 650, 32. VI 28, 4. 56, 11.
216, 14. 278, 19. vn 18, 23. 61, 17.
63, 2. 65, 14. 98, 2. 149, 3. 206, 26.
251, 18. 264, 33. 266, 13*. 285, 2ος
24. 534, 4

saturarum libro I 240, 8 (υ. add.)
saturarum Ι 217, 25

libro 1 saturarum I 118, 29
saturarum Ι 1 195, 6

in I Ι 98, 3. 125, 19. 145,
20. 486, 14 v11
294, 22

II I 82, 6. 92, 30*

in 11 ΙΙΙ 484, 11

libro tertio 1 71, 31. 72, 8. 223,
21. 376, 13

saturarum 111 Ι 203, 20

in111 11209, 8. 501, 22.
512, 25

in 1111 11217, 8. 231, 23.

486, 20. 522, 17
V 1 94, 19. 100, 29
flabit-arum quinto I 369, 23
in V 11 115, 9. 470,9. 502,
20. 536, 10
in saturarum VI ΙΙ 203, 19
111 VIII I 105, 8. II 115, 16.
397, 25. 546, 14
in libro V1111 Ι 78, 12. 79, 1. 100,
7 (υ. aad). 125,
19⁴¹. 94, 243 27

111 V1111 11 251, 14. 507, 1
· 111 110110 saturarumVII 18, 15. 47,3. 56, 2
111 XI II 231, 14
duodecimo Ι 365, 5. 488, 2
111 XII II 399, 15
XIIII I 79, 17. 93, 2. 106,
28 (v. add.)
in x1111 11 215, 7. 535, 2
XV I 96, 10
XVI 1 72, 30
111 XVI ad Fundium I 88, 12
111 XVII II 475, 25
inXVIIII 11 542, 27
111 XX 11 486, 18
111 XXIII Il 506, 24
XXV I 123, 12
XXIX I 97, 4
in XXX ΙΙ 207, 4. 488, 24

Lucretius 1 482, 22. 483, 2. IIII 10, 31.
208, 25. 212, 10. V 555, 3. VI 448, 9.
Vll 279, 27. 428, 11. 534, 6

de 16111111 natura. Ι 1 II 292, 18

27 11 444, 24. 527, 5
29 11 285, 7
47 vl 221, 11
70 sq. II 499, 8
82 1Π1 262, 34
84 V 389, 15
84 sq. 11 285, 9

1 102 11 501, 10
159 V11 25, 4
186 1 430, 2. 1111 263,
13. 392, 14. V 109,
18. Vl 216, 11.
448, 10
227 1 62, 14. 117, 18
269 ΙΙ 591, 7
314 V 593, 9
525 1 207, 3
587 1 371, 20
588 11 542, 19
720 11 27, 2
806 11 349, 22
837 Ι 90,21.V1474,21
837. 60 1111 9, 21
860 VI 474, 21
926 VI 612, 1
941 VI 504, 28
1063 V1 450, 20
II 2 Vl 31, 28
25 VI 220, 12
36 1 120, 33
155 sq. 11 401, 12
165 Vll 348, 29
265 V1 202, 19
476 11 275, 3. 111 493, 14,
1111432, 27. V 42.
586 Π 19, 22. 31, 1
586 sq. 11 249, 10
637 1 93, 21
662 Ι 92, 30
888 11 132, 21
927 Vl 445, 19
1097 1111 431,33. V 162, 32.
VI 450, 12
1122 V 650, 29
llI de rerum natura libro 111 (3) I 207, 3
94 1 210, 5
106 V 650, 33
156 11 445, 9. 474, 6
161 11 510, 1
265 1111 19, 22. 31, 1
643 VI 202,19.V11348‚29
676 1 204, 14
765 1 343, 8
796 sq. 11 528, 28
978 11 27, 4
984 11 27, 6
1010 V 297, 2
1035 Vl 56, 9
1093 VI 503, 6
IIII 1 VI 612, 1
16 Vl 504, 28
1207 Vl 28, 6
V 96 111 sexto libro de 16111111
natura 1111 225, 29
211 11 476, 24
598 V 484, 7

 

