INDEX
EXEMPLORVM CICERONIS SALLVSTII TERENTII VERGILII

APVD ARVSIANVM' MESSIVM

1 3, 4
4, 17
6, 25

31, 99

pronosoffio Amer.2, 6

4, 11
9, 23
14, 39
15, 44
26, 72
32, 91
35, 99
50, 145
52, 150
53, 154

divinjncaeeil. 2, 4

5, 29
7, 28
14, 48

in Verr.aot.pr. 12, 35

19, 45

act. 990] 1, 2

9, 22
17, 45
20, 54
21, 55
24, 62
31, 79
49, 126
57, 149
11 1, 2

2, 5

6, 17
18, 48
24, 58
84, 88
88, 89
84, 155
88, 188
77, 189

111 16, 42

16, 43
19, 49
22, 55

 

OEoerorhetoricomm12, 3 501, 23
pro Quinffio

463, 22
458, 89
594, 28
454, 7
479, 5
481, 8
488, 14
495, 19
451, 24
462, 16
485, 18
482, 28
493, 7
488, 1
492, 19
518, 24
457, 22
490, 13
507, 12
500, 6
487, 28
499, 19. 501,5
452, 3
471, 11
467, 20
511, 21
475, 1
466, 19
496, 1
494, 13
453, 7
509, 16
451, 27
514, 7
482, 12
452, 19
482, 14
457, 15
482, 18
459, 24
487, 25
492, 2
451, 9
490, 27

47, 113
69, 158

1v 3,5

11, 28
12, 29
25, 58
59, 112
52, 117
58, 124
84, 144

v 1,3

8, 8
5, 19
8, 12
7, 17
9, 28

11, 27

17, 44

22, 58

22, 58

88, 189

88, 199

45, 117

de imper. Pomp. 3, 8

8, 18
7, 19
8, 21
9, 28

12, 85

pro Cluentio 3, 8

5, 12
5, 18
5, 14
9, 27
9, 28
18, 88
18, 88
14, 41
15, 45
23, 63
25, 69
26, 71
36, 191
39, 197

Cie.inVe1·r.aot.sec. 111 32, 75 sqq. 465, 4

473, 4
457, 17
506, 29
453, 16
460, 15
471, 21
475, 9. 477, 17
514, 29
481, 8
457, 19
456, 12
454, 20
457, 27
467, 29
497, 3
450, 30
475, 12
493, 6
470, 7
466, 14
454, 15
470, 1*
495, 2
512, 19 ·
474, 4
479, 1
497, 2
469, 8*
511, 29*
452, 24
494, 2
594, 12
495, 21
455, 27
455, 1
452, 28
598, 1
452, 14. 457, 12
479, 7
488,·8*
489, 11
511, 7
454, 1
599, 1

