INDEX SCRIPTORVM 661

Vergilius Aeneidos Vergilius Aeneidos

Vm 653 V11 501, 27 V1111 61 ες. 111 369, 3
654 .1 155, 6. 393, 32. 65 Vl 15, 24
535,13.V11395,9 33 V11 466, 3
664 sq. 11 513, 3 39 1111 236, 5
663 1111 229, 21. Vn 500, 93 1 908, 98
19 99 V11 469, 91
674 V 571, 10 103 sq. 1 437, 1
675 VII 460, 23 109 sq. 111 315, 9
677 1 965, 14. 452, 16. 110 1111 997, 11
11 443, 99. 445, 5. 114 V 74, 96
479, 18. 480, 9. 137 V 399, 23
1111 241, 91, 80. 136 V 99. 18. V1230, 8*
399, 17. 505, 34. 141 1 211, 4. V11 501,
V 997, 19. 394, 14. 31
399, 15. 464, 24. 144 V1 469, 5. VII 461,
V1 33, 35 98
680 11 336, 9. 1111 365, 144 sq. 1 977, 22. 464, 98
81. 890, 98 153 1111 255, 21
688 1111 256, 13. 562, 98 159 11 353, 22
691 VI 464, 89. VH 478, 168 1 413, 99. V11 968,
99 14. 416, 16
699 V11 459, 20 164 1111 262, 2
693 11 292, 13. 111 472, 194 sqq. 111 948, 9, 16
99. V 556, 97 903 V11 360, 13
699 111 46, 19 203 sq. 111 90, 2
705 1111 996, 99 910 1111 261, 17
706 1 123, 15. 11 917, 6 910 sqq. 111 945, 94
719 V11 123, 96 911 111 947, 8
714 sq. 11 340, 5 914 V11 493, 8
796 VII 433, 16 914 sq. 111 246, 24
v1111 1 1 979, 10. 449, 17. 931 1 978, 14. 441, 13.
111 499, 33. 1111 V333, 7. V1452,4
263, 29. 396, 25. 232 Vll 493, 19
V 390, 5. 401,17. 985 VII 511, 16
V1 444, 97 940 sq. 11 411, 24
2 1 39, 30. 132, 27. 944 1910, 11
1111 993, 7 946 V11 476, 22. 499, 91
5 V1 10, 12 254 sq. 1 194, 96
6 1 97, 6. 11 907, 15. 254 sqq. 111 76, 5
, 1111 229, 26 255 V11 430, 23
7 1 19, 99. Vl 30, 1 971 V11 472, 1
11 1111 967, 5 · 979 VI 445, 99
14 11 223, 11 231 sq. 11 503, 7
13 1111 999, 99 600 V11 460, 9
96 1 979, 4. 442, 1211 302 1 314, 34. V11 491,
37, 19. 235, 1. 111 23
221, 17. 1111 963, 319 V11 96, 21
99, 94. 543, 3. V 315 VII 474, 25
297, 32. 339, 15. 321 1111 559, 24
555, 5. V1 14, 5. 325 Ι 61, 89. 1111 199,
V11 16, 9. 57, 27 25. 542, 3. VII
36 1111 565, 16 998, 9
88 1111 247, 26. 256, 10. 896 1111 473, 23
559, 4. V 580, 16 335 VII 439, 23
47 1 435, 4. 1111 372, 4. 837 sq. Ι 419, 18
vl 194, 2. 275, 5. 347 1111 246, 30
V11 381, 8. 380, 1 356 1 62, 7. 1111 130, 6.
55 1 440, 11 209, 27. 541, 27.
60 1 359, 16 V11 293, 13

61 VII 503, 12 371 111 303, 19

 

