646

118
130
136
143
145
148

154
134
184
187 sq.
190
197

198
204

207
212
215

219
222 sq.
223
224
227
229
230
234
236
235 sq.

241
241 sq.
242
246
248
261
262

262 sq.
263

264

268
270
274

274 sq.

275
282
283
289
291

INDEX SCRIPTORVM

Vergilitffi ᾕθέθὶᾶοε

1 270, 11
1111 439, 33
1 331, 24
1111 149, 10
1111 235, 30
1 343, 6. 11 650, 22

111 314, 25. 1111 495,

1111 223, 1
1 274, 1. 459, 11
V 352, 25
111 96, 2
vn 474, 22
1274, 3. 459, 13.
1111 222, 9. 111
463, 9
V1 332, 1239
1 13, 7. 1111257,15.
V572, 1. 11130, 6
1111 561, 17
1 155, 3
11 391, 22. 111 232,
5. 300, 3. 377, 14
V11 93, 20
1 277, 12. 463, 32
1111 402, 26
11 329, 10
1 236, 4
V 324, 29
111 362, 1255
1111 146, 10
1111 415, 23
1412, 32. 11 390,
1111 231, 15
11 292, 20
1111 247, 7
1111 523, 21
1111 210, 16
1 273, 25
1111 399, 5. 11304, 25.
111 455, 33. 459,
1 233, 2. 111113,15
1111 413, 27. V 73, 20.
74, 12. 123, 27
1156, 2. 323, 14.
, 536, 3. 1111 224,
35. Vll 397, 7
1111 535, 11
1 44, 1
1111 146, 13. 233, 32.
V11 353, 11
11 304, 2. 111 74, 6.
90, 15
V11 479, 13
11 519, 21
1 403, 21
111 74, 9. 230, 19
1 211, 9

304
304 sq.
313
319
322
324

324 sq.
325

325 sqq

331
332
333
342
342 sq.
347
343
351
353
354
355,

363
367
370 sq.
377

¹ 380

385
332
393
394
401

402
403
403 sq.
410 sq.
413

414
416
418
424
425 ,
427
428
430
431
434 sq.
435

435 3q.
442

442 sq.

Vergilius Aeneidos
11 299 sqq.111 99, 17

111 464, 33
1 434, 4
1 460, 4
11 273, 5 ·
11 273, 3. 1111230,2
1 110, 13. Vl 121,
11 153, 19. 365, 21
V 401, 20

. 111 233, 15

111 123, 19*
1111 263, 32
1111 533, 13. 564, 24*
V11 541, 34
111 350, 4
1111 453, 7
V 113, 3
1 35, 32. 1111 471, 7
111 114, 3
111 433, 7

1 430, 30. 111 339, ,

474
11 394, 7 ·
111 32, 17.1111 117,5
11 91, 10

1 239, 13. 111 314,
12. 323, 16. 324,
14. 346, 11. 360, ·
1 437,21.1111495,3
1111 457, 21
1 92, 11

1111 452, 23
111 459, 3

1111513, 19. 11 275,

23. Vn 435, 7

111 433, 3
V 307, 3
11 435, 14
11 510, 19

1 435, 13. 1111 372,
3. 434‚13.V1194,4
1111 64, 11. 221, 10
1 211, 12
111 436, 2
1 202, 1. V 531, 13
1 92, 14

1111 507, 22
111 364, 4

1111 225, 13
11 576, 21
11 557, 9. 111 191,14
V 521, 13. vu 422,

1 417, 20

1111 96, 16. 365, 32.

' 390, 23. vn 503,
111 53, 23. 372, 15

 

