622 INDEX SCRIPTORVM

Terentianus Maurus Terentius in Adelphis
v. 1317 V ιιι, 91 13, 37 ι 31913.11444 31.
1353 11 333, 9 430’, 9. 111339, 1.
1439 sqq. V1 575, 3 V 3'33, 10. 479⁹, 7
1530 ·ιιιι 593, 33 39 ιιι 971, 4’
1701 1 493, 3 44 ιιιι 146,15 V11353, 13
1730 1 503, 13 · 47 1 949, 3
1733 1 503, 19 59 sq. ιιι 149, 19
1914 VI 133, 17 30 ι 914, 33
1343 VI 113, 34 34 sq. 1 333, 37
1334 VI 137, 9 35 - Ι 406, 97
· 1935 VI 65, 5 79 ιι 479, 94
9061 Vt 34, 10 73 V11 455, 1
9154 V1 111, 6 11 1, 3 sq. ι 914, 94
9173 sqq. VI 599, 19 14 111 104, 3. 995, 13
9199 V1 594, 16 19 ιι 46, 19
9193 VI 31, 3. 553, 1 94 ιιι 943, 1ι
9996 V 199, 1ο. 391, 99 31 V 333, 11
3333 sqq. ιιι 419, 16. VI 530, 9 41 V 47, 9
9401 VI 594, 19 49 V1 469, 17
9403 νι, 91, 10. 553, 3 44 V 64, 94
9514 VI 139, 99 46 ιι 595, 94
9537 VI 593, 3 3, 3 111 333, 3
9571 Vl 118, 90. 149, 99 19 V 439, 39
9599 VI 149, 19 3, 9 V11 503, 30
9594 V1 113, 34 4, 4 sq. ιιι 11, 6
9931 VI 153, 7 5 ιιι 994, 15. 303, 3.
9960 VI 153, 30 V11 433, 91
9963 VI 593, 33 7 Ιιι 179, 1
9999 Vt 96, 1 91 1111 39, 33. Vl 431, 3
3339 sqq. V1 154, 97 93 1 300, 17
9991 V1 95, 97 ιιι 1, 9 ιιι 91, 3
9906 V1 155, 3 4 ιι 996, 11
Terentius 1 137, 91. 997, 94. 941, 99. 2, 12 V11 461, 23
393, 33. 490, 17. 11 330, 15. ιιι 419, 15 Ι 217, 27
9ς 3. 431, 11. 435, 15. 1111 9, 9. 15, 18 V11 511, 14
9. 131, 33. 999, 31 *. 533, 33. 559, 33. 22 V11 481, 3
559, 19. V 33, 35. 303, 31. 339, 7. 32 111347, 12
949, 34. 345, 3. 433, 10. 541, 33. 544, 46 V11 601, 20
97. 341, 33. VI 73, 30. 474, 13. 491, ,52 ΙΙΙ 85, 10
3. 554, 3. 556, 19, 99, 34. 559, 7. 3, 21 ΙΙΙ 60, 91. 84, 18
530, 3. 534, 3. 565, 1. V11 430, 19 32 899· 111 308, 10
in Adelphis (9) 1 30, 10 {g 89· fl} {5¹3} {g
prol. 1 sq. III 433, 30 42 ⁸3· 111 334: 17
9 1 210, 10 4, 1 V1 447, 5
ll 11 369, 12 9 sqq· 1 447, 21
Ι 1, 1 ⁸3· 111 422, 33 14 sq. Ιιι 999, 10
13 ιιιι 143,31.V11357,3 13 VII 474, 7
¹5 Ι 229, 21 99 ιι 510, 17
20 1111 439, 11 33 sqq. ιι 996, 13
20 sq. I 79, 13. 143, 33. 45 VI 450, 2
19⁷, 22 5, 3 VII 451, 33
24 Ῑ 374, 16 7, 49 ιιιι 31, 14
27 VII 489, 18 ιιιι ι, 1 VII 451, 95
29 1111 550, 21 17 v11 489, 11
31 Ι 241, 23. 242. 1 19 ιι 479, 17. ιιιι 941,
39 ιιιι 39,33.V11473, 14 25
3, 4 sq. ιιι 930, 97 19 ιιι 16, 9. V 34, 1
3 V1 455. 13. 459, 11 40 Vn 430, 13

30 11 53, 7. ιιι 39, 91 3, 3 1 143, 99

