Ve

INDEX SCRIPTORVM 641

rgiliue Aeneidos
1 13 Ι 203, 13. V 309, 20. 390,
8. 585, 11. VI 221, 21.

15 sq. 111 160, 3. 337, 2. 344, 15

15 sqq.V1 85, 4. 87, 23. 504, 23.
833, 21

16 1111 233, 6. 259, 9. 397, 24.
559, 19. V 208, 8. 299,
23. 301, 30. vl 457, 4

16 sq. 1 281, 8. 444, 33

17 111 143, 3. VI 214, 1.· 215,
4. V11 340, 16

13 1 213, 30

19 1 270, 3. 1111244,23.ν11
19 sq. Ι111 ρ1133327

21 1 263, 7, 434, 28

24 11130, 18. 309, 25*. 358,
18. 1111419, 3. 517, 21.
V 273, 19. 1711451, 13

26 V 388, 18

27 Vl 478, 20

23 1 422, 13. vl 382, 1264

29 ΙΙΙ 55, 17

30 I 88, 21. 285, 13. 452, 7.
11 247, 5. 111 188, 17.
111123, 20. 392, 11. 444,
18. V 43, 28. 234, 7.
324, 4. 333, 2. 400, 5.
VI 38, 28. 452, 19. 479,
12. Vll 308, 31

31 V1 213, 22

32 111 27, 10 33, 24. V 588,
18. V11 298, 24

33 Vl 516, 1. Vn 146, 12

34 sq. 11 471, 17

36 Ι 453, 14. 496, 29. V 25,
2. Vl 213, 15. 230, 3.
429, 2

37 lll 110, 23. 1111 145, 17.
395, 12. Vl 22, 9. 448,

8. V11 361, 4
38 111 277, 8. V11 449, 16
39 1 464, 20. 1111 251, 20.

vl 213, 18
39 sq. 111 247, 27
40 v 324, 11

41 1 428, 12. 1111 392, 15 V ’

339, 10. Vl 828, 3
43 11 30, 3. 1111 253, 19
45 V 589, 27
48 1111 413, 25. 426, 35. Vl 28,
46 aqq. 111 329, 15. V289, 13. 548,
47 Vl 362, 1240
47 aq. 111 301, 5. 316, 2. 330, 19.
43 1 ἓξὲξ 3. V 521, 9. V11
422, 16

Vergilius Aeneidos
1 49 V11 122, 10

50 1 429, 8. 111 362, 1233

51 1 503, 14

5139. IlI 185, 12

57 IlI 327, 15

58 ΙΙΙ 61, 11. 1111 255, 16

60 1 273, 7. 458, 10. IIII
400, 4. V 308, 33. 324,
22. V1 487, 5 ·

62 V11 422, 9

62 aq. Ι 417, 4

64 1 266, 32. V 25, 12

85 1 498, 24. 111 104, 11-
1111 229, 26. 232, 24.
535, 7. V 399, 10

65 sq. 111 98, 25

87 V 579, 24. Vl 214, 9

89 V11 423, 11

69 sq. 1 418, 8

70 Vl 339, 470. 444, 23

71 1111 232, 25

72 VI 213, 24. 490, 18. 508,4

73 1111 33, 3. V389, 5. 488,17

78 sq. 111 187, 13. 202, 4

79 Vn 463, 27

80 Vll 498, 1 -

81 111 85, 16

82 111 53, 17

83 111 65, 29

34 sq. 11 393,23.111110,25. 193,
3. 381, 15

85 111 31, 11. 64, 3. 65, 27.
37, 12

87 11 306, 14. V 472, 11

88 V ’573, 9

92 V 583, 21

93 V 148, 18

94Ι 1111 510, 9. 520, 2. v 100,

95 1 238, 2. 111 28, 9. 1111
233, 23. V 78, 22. 508,
2. 523, 8. 565, 35

96 1 157, 17. 537, 10. 11 94,
13. ΙΠ 215, 20. 1111407,
32. 431, 25. 492, 28. V
158, 13. V11 401, 3

97 1111 229, 24

99 sq. 111 83, 13

102 1 238, 2

104 V 589, 19

105 1 457, 23

106 11 429, 6

103 1111 401, 20. V 310,10. 385,
22 Vl 488, 21

108 sq. 1 275, 18. 481, 12

110 V 577, 21

111 Ι 342, 21

113 1 20, 6. 533, 7. V1197,9

114 1111 234, 18. 259, 9. 400, 27.
V 308, 3. Vl 488, 4

 

