APVD ARVSIAN VM MESSIVM 555

Ter. Eunuch. V 2, 44 488, 26 Ter. Phorm. 11 1, 40 458, 22

4, 20 480, 2 41 512, 13
25 482, 18 2, 25 497, 7
5, 5 499, 15 3, 17 477, 24
5, 19 487, 24 111 3, 21 501, 2
8, 5 510, 15* lv 3, 18 475, 8
20 499, 19 29 457, 3
Heaut.tim. prol. 13 501, 21 48 466, 5
41 479, 5 52 510, 15*
1 1, 10 495, 18 4, 1 472, 28
50 458, 24 V 3, 20 482, 19
81 514, 5 4, 2 492, 12
11 1, 13 510, 13 5, 33 450, 21
3, 9 488, 13 8, 54 451, 5
18 482, 18 9, 29 503, 24
30 497, 4 37 473, 1
50 455, 9 54 454, 9
54 454, 2 55 475, 20
‘1⁷ 504, 18 Vergiliae bucol. 1, 5 505, 13
101 464, 4 10 489, 22
4, 2 508, ⁷ 78 500, 24
¹9 489, 1 77 500, 20
111 1, 28 460, 3 80 505, 24
102 482, 3 81 508, 19
2, 14 468, 14 2⁹ 1 449, 12
3, 40 494, 10 19 483, 8
IV 2, 8 488, 15 20 449, 5. 483, 11
4, 5 500, 28 23 481, 28
8, 32 510, 4 29 477, 4
V 1, 57 509, 17 34 501, 19
Hecyr. prol. 1 494, 18. 71 483, 1
21 507, 1 3, 13 483, 13
1 2, 45 487, 30 50 497, 17
54 457, 2 59 451, 15
94 472, 23 92 477, 31
119 502, 22 105 500,15
11 1, 2 508, 9 105 481, 19
5 454, 20 109 453, 21
. 30 453, 2 4, 5 454, 31
2, 5 455, 4 5, 8 459, 2
20 508, 11 34 453, 19
111 2, 12 471, 10 48 454, 23
24 453, 24 54 453, 23
33 497, 22 85 453, 15
5, 35 451, 24 89 483, 24
IV 1, 3 488, 17 8,·20 510, 25
7 458, 19 29 475, 17
19 495, 22 55 454, 27
4, 21 505, 3 85 459, 14
23 480, 14 7, 5 500, 5
53 482, 25 5 458, 9
84 498, 8 18 459, 11
92 452, 17 17 502, 18
. V 3, 40 471, 1 19 490, 31
Phorm. prol. 2 513, 3 69 490, 32
29 454, 18 8, 4 505, 2
1 1, 1 450, 19 18 478, 24
3, 13 474, 2 30 511, 5
4; 2 480, 27 01 453, 30
13 482, 14 55 459, 5
11 1, 17 454, 10 88 486, 24

38*

