INDEX SCRIPTORVM

Vergilius Aeneidos
11 445

V 47, 9

445 eq. 11 309, 20

443 11 355, 1

455 1 253, 23. 1111 127,

457 11 403, 33 24

450 1 39, 13. 544,14. 11
329, 5

450 aq. 11 335, 20

453 V 400, 13

470 V11 459, 22

471 V11 497, 25

475 1111 225, 5

477 1111 224, 29

490 1111 95, 14

492 11 105, 7. V 457, 27.
553, 20. Vn 249. 5

492 sq. 11 402, 23

495 1454,14

497 1111 254, 2

500 VI 217, 24

503 V 592, 9

504 111 107, 29

505 1 135, 19. 1111247,
32. 'V 55, 23

510 111 55, 17

521 1111459,15

525 Vn 472, 25

534 VI 433, 4. V11 501,

535 1111351,19

535 111 97, 3. 243, 14

540 sq. 1 257, 34

549 1 253, 2. 1111 554,

553 111 32, 19. 11115121

554 1 255, 34. 555, 23.
1111 124, 15. 210,
4. 539, 4

553 1 503,17.V11453,4 ·

559 , 1111 351, 20

559 341 403,12

550 1111 233, 4

551 V 500, 27. 519, 15

553 Vll 323', 17

554 1111 195,1

559 sqq. 111 254, 9

591 1434,13

595 1 259, 30

597 1111243,3.251, 12

501 V 55, ’15

501 sqq. 111 52, 1. 235, 3

504 1111 54, 3

510 351.ss 343.17

513 1411, 25111 192.
25.'V11 414, 27

524 1 373, 24. 1111 223,

532 1 154, 14. 111 447,

11

647

Vergilius Aeneidos

II 534

542 sq.

643
548
657
558
551

554

654 sq.

555
570
571
575
533
534

. 593

699
700
7Οὸ
707

713
715
725

738
750
¹758
774

775
781
785

111 1

733 311.

1111 224, 12. 245, 24
111 45, 4. 414, 15
VII 97, 1
111 47, 19
111 443, 5
V11 473, 3
1111510, 17. 11 247,
1 12, 2. 13, 25. 15,
19. 111 5, 1. 1111
221, 1. 359, 11*.
424, 35. 479, 21.
V 30, 1. 119, 14.
399, 23. 111 22,
20. 27, 7. 31, 3.
35, 3. 37,13. 230,
22. 242, 15. 375,
1557. 537, 22. 1111
333, 1. 539, 4
11 592, 20
1111 254, 11
111 355, 3
V 551, 24
11 544, 12
1111 215, 15
V 75, 25. 453, 7
1 175, 15. 243, 3.
343, 3.
12
1111 250, 30
111 354, 13. 435, 15
1 390, 7
1111 252, 25. 1111 433,
1111 459, 27
vl 452, 13
111 29, 5. 34, 3. 197,
-19, 1111 242, 20.
254, 13
11 395, 13
1111 145, 10
V 371, 19. 330, 19
Ι 323, 15
1111 259, 10. 444. 25.
V 235, 30. 297, 25.
111 452, 15
1111 473, 15
1111 252, 4
1111 247, 15. 537, 20.
111 23. 25
1 223, 23. 394. 27.
111 474,17. 11122,
1. 55, 11. 104, 20.
103, 31. 120, 20,
23. 145, 30. 143,
7. 355,1024. 377,
1733. ’330 1344.
334,1949 501,15.
504,15;30.’1’11
421, 23’ ·

1111 238,

