606

Lucanus Pharsal.

101 11 73, 21

130 111 222, 9

168 sq. 11 206, 16

209 11 525, 23

228 1111 248, 1

241 111 43, 17

250 sq. ΙΙ 132, 10. 474, 16

274 1111 248, 22

322 111 498, 4

354 sq. ΙΙΙ 280, 16

393 111 57, 2

394 11 438, 12

396 111 331, 22

471 89. 111 70, 1

520 1111 23, 2

531 11 348, 10

549 sq. 11 544, 15

574 111 282, 14. 301, 10

671 11 391, 6111272, 17.
276, 19

696 sq. 11 523, 20

711 sq. 11 475, 15. 558, 25

741 111 76, 11 ·

776 11 394, 22

784 sq. 11 397, 28

797 39. ΙΙ 397, 15

VI 7 sq. 11 226, 5

92 11 74, 1

117 11 237, 22

144 11 395, 26

258 11 233, 20

324 V 475, 10

366 sq. 11 345, 21

398 V 426, 28

407 sq. 11 165, 19

460 V 426, 30

475 sq. 11 149, 15. 327, 18

476 11 234, 3 ·

508 111 332, 12

523 sq. 11 340, 17

531 111 473, 32

545 sq. ΙΙ 526, 27

548 11 310, 11

562 Π 527, 1

584 V 469, 30

623 11 443, 24. 479, 22.
481, 18. 521, 7. V
464, 26

vn 29 111 98, 22

98 111 50,16

158 V 480, 27

159 11 398, 6 .

162 sq. 11 346, 23

197 Π 210, 17

217 1 547, 5. V 564, 25

312 sq. ΙΙΙ 193, 21

361 sq. 11 477, 4

389 sqq. 11 332, 6

394 ΠΙ 498, 1

505 11 403, 20

INDEX SCRIPTORVM

Lucanus Pharsal.

VII 639 sq.
685 89.
826 sq.
855

855 sqq

VIII 2
16

88

111 348, 9
111 301, 24
111 834, 20
111 287, 20
. 111 96, 18
VII 544, 37
Vn 544, 38
1111 479, 19.V11232,1²8

184 ΙΙ 328, 21
195 11 72, 5
219 ΙΙ 485, 3
332 sq. 111 27, 1
346 ΙΙ 354, 19
358 II 349, 7
382 11 531, 9. 545, 16
444 sq. [Ι 76, 26. 111 414,
4. 416, 1
479 VH 542, 32
493 sq. 111 288, 7
514 Vll 542, 32
793 11 531, 6
837 V 414, 25
- lx ὁ 899. 111 217, 2
40 11 396, 8
256 11 223, 9.339,14. 111
100, 19
367 VI 38, 29
515 sq. 11 248, 19. 338, 4
536 111 220, 8
558 V 482, 4
624 V 423, 3
626 11 219, 15
720 11 165, 16. V 421, 6
732 11 217, 14
756 11 527, 3
806 sq. 111 215, 26
932 11 497, 26
X 121 11 42, 3. V11539, 1
122 11 445, 3
142 11 162, 10. 259, 10
158 sq. ΙΙ 349, 16
187 11 256, 12
199 11 193, 5*. 111 273,17
239 sq. 11 125, 2
240 ΙΙ 474, 14
350 11 234, 4
355 111 303, 14
382 111 220, 8
522 sq. 11 277, 14
523 11 234, 4
Lucilius Ι 485, 17; 32. 54, 25. 58, 24. 71,

10, 28. 78, 8. 83, 15. 85, 7. 91, 25*.

95, 23; 26. 98,

126, 6. 129, 1.

9. 109, 11. 111, 17.
211, 29. 214, 8. 365,

13. 430, 1. 452, 17. II 170, 17. 260,
20. 338, 7. 379, 16. 381, 4. 475, 15.

567, 17.'11[ 71,

2. ΗΠ 10, 32*. 67, 31.

129, 39. 208, 25¹⁸. 209, 10. 212, 10*.
241, 23. 401,17*. 446, 19. 542, 5; 12;
29. 564, 15. V 40, 19. 289, 7. 310, 3*.

