 

——ffl-——u— ι-ι-ι-·--Γ

INDEX SCRIPTORVM 665

, Vergilius Aeneidos Vergilius Aeneidos

euxinum nrum vn.

XI 33 V11 479, 10 . 111 309 1111 339, 7*. 422, 23.
33 1111 237, 2. 212, 13 424, 20. 479, 3.V
37 V11500, 25 29, 23. 103, 23.
93 1111 231, 1 109, 13. 117, 23.
97 11 239, 17 399, 20. 111 72, 30.
101 1111239, 7 230, 14. 242, 3.
104 11 222, 3* V11 231, 22. 533,
112 1237, 9. 454, 21. 33

1111 237, 7 333 1111 490, 19
113 1111 233, 10. 111 432,3 343 1111 439, 23
121 111 43, 3. 173, 4 343 sqq. 111 223, 3
124 V11 430, 22 347 111 32, 1. 37, 13
123 111 101, 14. 132, 24. 343 111 93, 13
313, 14. 319, 12. 350 sq. 111 319, 3. 330, 1
323, 2 . 331 1111 473, 21
132 1 429, 3 334 111 37, 19
133 11 223, 22 333 1111 493, 3
133 aq. 11130, 3. 237, 11. 333 1111399, 27. V 303,
339, 3 31. VI 437, 2
140 11Π 221, 22 333 sq. 1 272, 13. 437, 13
143 1 333, 2. 11 232, 1 371 V 347, 10
139 11239, 20. 331, 2. 374 17 33, 3
11Π 232, 1 331 1 222, 4
173 sq. 111 100, 10 331 sq. 11 394, 10; 13
174 111 243, 21 333 1111 231, 29
173 1 273, 4. 441, 1 334 1 112, 1
133 V 303, 22 393 V11 439, 11
137 11Π 433, 3 413 1111 223, 7
192 1 430, 4 · 413 V11 473, 27
197 1111 493, 23 417 V11 470, 13
213 V11 493, 13 423 V 532, 15
223 1111 413, 13 433 1 313, 12. 111 353,
223 sq. 1 413, 23. 111 55,19 3. 371, 17. V 57,
230 V 349, 21 29
233 1111 237, 3 453 111 300, 1
234 V 577, 7 459 V 495, 39
233 V11 502, 13 433 1 200, 27. 349, 31
252 VII 455, 21 434 V 44, 15 ·
232 1111 419, 13. 442, 17. 471 1111 492, 13
510, 25. 517, 25. 477 1111 223, 13. V 73, 20
v 73, 19. 273, 31. 433 1 443, 29. 111 431,
339, 24. 543, 20. 3. Vn 502, 15
V11 439, 24 439 V11 450, 2
234 V 339, 23 492 1111 231, 12
233 V11 511, 22 499 1111 434, 23
272 1111 233, 13 499 sq. 11 340, 21
277 1111 233, 2 , 307 1111 121, 1. 274, 14
279 sq. 11 393, 23. 303, 13 303 1111 232, 27
230 1111 490, 63 30 509 sq. 111 143, 9
233 sq. 11 400, 13 310 VI 430, 10
235 V 317, 15. 333, 13 522 1111 432, 23
233 sq. 11 310, 23 329 V11 433, 3
233 1111 431, 20 332 11 323, 11
292 sq. 11 394, 23 337 111 211, 3. 323, 23.
293 V11 488, 21 1111 333, 10
293 sq. 11 292, 23 533 1111 231, 4
302 111 203, 23 339 1 433, 10
303 1111 433, 19 340 V 349, 19
309 1 429, 34. 11 32, 1. 344 01111 239, 34
192, 33*. 347 1111 493, 17

43

