624 INDEX scmmonvu

Terentius in Andria Terentius in Andria
91 sqq. 111 214, 17. 221, 20. 11 2, 14 V11 490, 17
390, 9 24 11 224, 9
92 111 97, 4 29 1 22, 19. 539, 1311
93 111 33, 5 257, 19. 1111 515,
95 111 194, 9 30. V 555, 7
97 111 250, 14 31 1 542, 1. 11 244, 5.
100 111 250, 19 1111 22, 24. 24, 24. V
102 vn 483, 29 395, 17
107 V 39, 21. 595, 29 39 111 79, 14
115 sq. 111 250, 18 3, 3 111 17, 5
119 sq. 111 229, 15 19 · 1 389, 10
121 sq. 111 129, 9; 19*. 190, 14 . 1 999, 91
9. 993, 10 27 sq. 111 17, 7·
125 111 45, 25 5, 12 . V11 473, 9
137 · VI 458, 15 15 ·V 509, 35
140 . 11 450, 21 17 V11 117, 20
144 111 29, 17. 345, 9 9, 19 Π1 995, 15
2, 1 , 11 448, 30 20 V 293, 11
4 111 423, 24. VI 558, 24 111 85, 25. 159, 5
19 27 · 11 599, 11
4 sq. 1 399, 19 111 1, 14 11 501, 1
5 111 423, 27 2, 1 sqq. 111 425, 19
9 111 423, 29 3 sq. 111 155, 1·
7 1111 555, 12 4 1111 502, 33. V212, 35
13 111 299, 19 9 111 38, 12
17 1 374, 15 17 · 111 347, 14
29 VH 495, 15 21 εςιμ 111 72, 10 .
33 11 999, 14 22 ΙΠ 197, 15
3, 1 1Π 103, 27. 423, 92. 24 111 107, 12*
VI 449, 9. 559, 23 24 sq. 111 191, 3. 249, 24.
4 ΙΠ 291, ι9. 320, 9. · 244, 1. 335, 2
371, 2 29 11 207, 13
5 Π 991, 19. 111 244, · 91 sq. 111 72, 14
25. 49 111 243, 21
5 1111 388, 30. V 509, 31 49 1 194, 29
9 111 327, 22 3, 1 1111 24, 25. 555, 24. V
19 1 445, 19. 1111 399, 395, 19
15. V 303, 14. VI 4 111 281, 11. 320, 10
458, 20 14 Vll 485, 29
5, 9 1111 590, 9 19 Π 299, 19
14 VI 445, 24. 445, 1 23 1 122, 9
18 sq. 111 81, 8 90 V11 472, 17
51 V 595, 22 39 111 249, 9
52 111 51, 19 44 111 9, 29
57 111 244, 9. vn 482, 4, 3 111 82. 9 ⁸
23 10 Vl 447, 3
58 111 949, 7 5, 2 1 111, 7. 11227,14.
11 1, 2 V11 451, 29 111 7, 12
5 sq. 111 255, 19 9 111 15, 8. 199, 3
9 V1 442, 29 15 111 305, 4
10 11] 191, 17 1111 1, 1 11 592, 23
12 111 279, 19. 319, 19. 11 111 174, 5
954, 9. 399, 15 15 111 194, 19. 299, 11.
15 111 299, 1. 353, 19 VII 453, 14. 472, 9 ⁸
19 111 155, 25. 194, 19 29 11 392, 24
22 V11 504, 1 2, 4 11 584, 7
33 11 285, 17.111481,34 5 · 11 428, 10
2, 13 3 VI 559, 9 10 VI 445, 12
8 1 119, 25 11 VII 450, 29

19 111 9, 29 19 VII 544, 93

