INDEX SCRIPTORVM

Vergilius bucolicon

9, 42
43
45

43
47
5 1

62
63

63 sq.

66
68
60
10, 1
10
12

13
16

19
20
23
- 28
32
35
36
37
46
49

60
67
66
67
68
69

77

georgiIcoln

7 sqq.
13

14
16
17

31

VI 448, 17
VII 543, 23
111 280, 1. 293, 1. 298,

18. 828, 4. VI 41,

1111 228, 28
1111 247, 22
V1213, 3. 507, 13.
V11 290, 5. 309,
25. 888, 28
V11 117, 23
1111 231,11.V11495‚31
11 387, 4
1111 237, 15
1111 228, 15
Vll 543, 32
V 403, 12
1111 231, 11
1 18, 88. 14,28. 1111
258, 10. V 29, 29.
V1 27, 17.30, 19.
V11 254, 7
1 188, 4

1111 553, 22. V11 501,.

V1 330, 1191

V1 32, 3. V11543‚ 31
1111 280, 15

111 288, 22

VII 498, 14

1111 247, 27

VII 544, 3

1111 250, 18. 251, 21
V11 471, 81

111 90, 23. 91,10. 1111
11Π 552,21. V11544, 1
V11 544, 8

Vll 544, 1

1111 12, 3

V11 544, 2

1 18, 5. 15, 31. 429,

25. 1111 257, 10.
479, 8. VI 80, 5.
218, 4. 219, 18.
587, 14. V11 281,
3. 340, 1

VI 383, 1824

1111 78, 88. V11 155,1
Vn 254, 1
1111 233, 33. 287, 22
1111 12, 3
V1 359, 1140
Vl 330, 1184
VH 431, 11
1 14, 18
VII 481, 18
1 204, 82
1111 227, 5

635
Vergilius georgicon
1 35 1111 223, 16
88 1 393, 29
42 V 400, 24
43 V 478, 23
48 sq. 11 398, 11
44 V11 544, 11
45 1 499, 1
48 V11 544, 12
54 V11 485, 27. 544, 18
55 1111 250, 8
57 111 170, 13. Vn 544,
37 sq. 111 53, 81
78 11 175, 17
78 V 583, 25
88 111 332, 18
89 sq. II 315, 20. 331, 16
82 Vll 121, 11
93 VII 125, 9. 272, 23
99 III 273, 25. 280, 10.
802, 22
100 1Π1 124, 3
101 11 175, 17
108 1111 247, 14. V 33, 20.
108 V 591, 25. Vn 471,
115 1111 252, 12
120 Ι 100, 26
125 111 48, 12. VI 330,
127 VII 482, 26
131 II 175, 17. V 558, 6
132 V 579, 10
. 184 1Π1 250, 18
188 VI 504, 21
137 IIII 233, 3
188 V 404, 2
150 ΙΙ 175, 17. V 573,
14. VI 508, 10.
613, 33 ·
154 V 681, 30
180 111 481, 28. Vl 353,
166 V 692, 22
187 111 55, 1
170 VH 544, 28
171 111 10, 7
173 V11 237, 22
178 1 238, 30. Vll 544,
180 Vn 121, 12
183 Ι 288, 8. 11 144,12.
V 592, 1. VII 489,3
185 V 59, 13. 233, 8
187 1111 248, 22. 588, 18.
VI 504, 17. V11
479, 13. 544, 22
189 1 214,18. 11 175,17
192 VII 544, 21

41*

