INDEX SCRIPTORVM

Vergilius Aeneidos

VII 323
334

635
637
640

641
651

653 sq.
354

330 sqq.

665
666
668
674 -

682
683
684
688
693
694
710
714
715
717
718 ; 720
723
731

734
742

744
756
756 sq.
759 sq.
763
768
770
775
787

799

807

808

808 sqq.
VIII 1

1 sqq.
7

11

Sqq.

1111 33, 22. 71436,9.
490, 26
1496, 16. 71 210,
10. 213, 13. 600,
19. 603, 10. 337,
12. 711 263, 9.
337, 21
1111 226, 24
111 497, 20
V 370, 4. 345, 31.
711460, 3. 479, 17
111 237, 12
1 155, 33. 323, 12.
533, 3. 711 397, 6
111 299, 3. 343, 23
71 230, 23*
11 392, 2
11 342, 9
ΙΙΙ 318, 5
711 479, 14
1 463, 27. 71 339,
11 333, 21. 7 346, 3
71 474, 30
711 309, 9
1 30, 5
1111 250, 14
711 201, 24
11 134, 3*
11 202, 5
11 323, 3
11 202, 7
VI 435, 7
711 477, 15
11 167, 16. 316, 19.
342, 7. 71 217, 9
71 616, 14
11 164, 24. 1111 12, 9.
7 676, 9
71 444, 26
711 492, 7
11 339, 2
1 443, 1
1 377, 4
1111 242, 1
711 433, 17
1111 632,27.711606,9*
1111 243, 16. 7 167,
VII 498, 21
11 402, 20
1111 233, 6
1 431, 23 .
111 493, 2. 1111 246,
1 433, 21
1 274, 6. 469, 16.
1111 222, 14. 409,
11 343, 26. 7366,19

659

Vergilius Aeneidos

VIII 18
26

27
42
44
64

69
77

78
82
83

86
91

91 sq.

97
111
114

115
119
127

130
132
139
154
155

156
157
157
159
168
172
174
177
185
188
190
196
198
205
207
214
215
217
220
223
228

sq.

1 323,27.1111234,3
1 12, 20. 7129,31.
637, 11
1 452, 12. 11 366, 26
71 606, 6
I 375, 11
1 463, 19. 71 437,
1111 250, 27
11 306, 17. 111202, 2.
203, 6. 437, 17.
611, 32. 1111 4, 13.
493, 20. 7 12, 1.
429, 13
111 36, 4. 39, 3. 240,9
111 143, 20
1 435, 15. 1111 372,
3.413,16. 733,32.
130, 34. 132, 12.
VII 194, 5
7 403, 19
7 467, 24. 711 422,
1 417, 17
1111 224, 3
71 693, 3
111 236, 3. 711 330,
10. 473, 25
7 366, 17
1111 627, 3
1 325, 17. 11 193,
14. 292,11. 1111
260, 1
VII 462, 19
VII 35, 1; 9
VII 542, 7
1111 440, 1. 7 69, 3
V 401, 33. VII 97,
VII 505, 11
Vll 491, 2
11 431, 11
7 449, 10
ῙΠΙ 540, 24*
71 446, 27
Vn 452, 5
VII 174, 2*
11 224,]9. 1111 214, 3
711 607, 13
111 63, 28
711 464, 13
111 332, 5
711 361, 19
1111 128, 3
11 643, 24
11 353, 13
Π 47, 11. 357,
IIII 231, 13
1111 539, 22
VII 473, 30

