636 -

INDEX SCRIPTORVM

Vergilius georgicon

I 193
196

196 sq.

198
203
208

210

211

215
2 19
221
227
232
233
243
246
246
261
261
264
269
271
272

276

277
280
287
289
290
295
306
312
313
315
317
320

sq.

sq.

337 .

344
352
355

360

362
367
371
373
379
391

397

399
400

sq.
sq.

11 388, 18. 393. 2. 111
272, 24. 273, 7
11 345, 10
11 329, 7
1111 225, 11
1 126, 32. 11345, 19
11 366, 11. 357, 4. 111
189, 11. 11113,15-
V 555. 8
1 328, 20. 550, 28.
11 175, 17. V 177,
33. 506, 26. 579, 8
1111 254, 23. 1711 514,
1 34, 25. 93, 13
11 175, 17. 1111 14,7
Vl 29, 15. 350, 1188
1111 250, 5
V 401, 16
V 573, 17
v11 489, 13
111 37, 27. 71 514,11
1111 231, 8. 17114933
V 471, 23
,11 519. 12
v 592, 25
711 544, 26
711 493, 11
11 334,11.1711544,27
VII 473, 15
71 467, 16
V11 462, 4
171 237, 17*
V1 463, 24
711 466, 17
V1 537, 9
11 142, 15
1111 249, 32
71 201, 9
11 175, 17. V 579, 7
11 175, 17
111 64, 1*
711 484, 8
171 345, 682
1711 253, 22
1 410, 12. 111 292,
10. 711 501, 12
111 273, 21. 711 512,
71 514, 5
171 513, 29
1711 253, 28
111 35, 20
1 217, 22
1 35, 32. 65, 31. 145,
v 120, 4.321.31.V1
347,755.V11249,8
711 467, 30
V 590, 7

Vergilius georgicon

1 409 1111 249, 4
410 1711 423, 25
410 sq. 1 418, 24
415 ΙΙΙΙ 247, 16
418 sq. 11 444, 5
419 V 482, 17
429 1111 249, 34
4323459111 289, 7
434 V 51, 1. 204, 4
437 1 14, 13. 1111258, 5.
71 27, 15. 30, 14.
VII 388, 4
438 711 485, 10
442 1111518, 19. V 275,
28. 498, 26. VII
485, 10. 505, 20
445 111 54, 3*. 196, 2. V
268, 29. 292, 5
446 v1 221, 16
447 V 308, 21
449 VI 362, 1240. 51149
456 sq. 111 52, 8
457 1111 240, 3. V 36, 17
460 V 521, 11
453 71 343, 511
478 1111 562, 24. 71204,25
480 V 177, 33
482 Ι 500, 8. IIII 425,
16. V 30, 13. 121,
35. Vl 67, 18. VII
249, 14
504 ΙΙΙ 278, 13
509 1111 260, 32
512 71 27, 20
515 V1 15, 25
ΙΙ 1 111 32, 17. 1111 260,
. 26. Vl 429, 5. Vn
512, 10
2 VI 538, 15
3 I 99, 14
4 711 497, 15
4ς 7 V 518, 17
5 ΙΙΠ 257, 10
7 ΙΙ 424, 6*
9 Ι 215, 18
12 V 500, 2
18 VlI 509, 11
19 11 154, 13
24 V11 466, 17
26 7 347, 3
28 VII 469, 14
31 7 589, 22
32 1Π1 249, 18
32 sq. 111 68, 9
33 sq. II 532, 18. 534, 11.
545, 6. 569, 30
40 ΠΙ] 222, 36
41 Ι 462, 3
44 1111 554, 8

1111 254, 12

