814

Plautus Menaechm.
v 2, 108 111 58, 7*
121 ΙΙΙ 58, 7*
9, 30 11 212, 0
Mercator.
I 1, 99 111 59, 3*
2, 39 111 59, 3*
92 ΙΙΙ 59, 3*
ΙΙ 1, 33 111 87, 2
3, 107 111 59, 3*
111 1, 11 11 270, 11
v 2, 88 11 229, 2
89 11 301, 2
4, 4 V 59, 22
16 111 59, 3*
Milit„ glor. I 72, 5
1 1, 11 sqq. ΙΙΙ 421, 21
35 V1 199, 12
11 1, 15 1 103, 10
23 Vl 147, 24
70 eq. ΙΙ 200, ιι
5, 36 111 59, 2*
111 3, 00 ΙΙΙ 59, 2*
1111 2, 07 sq. 11 148, 24
98 III 59, 2*
V 1, 4 1111 542, 19
1, 20 11 102, 11
Mostellar.
1 1, 23 111 58, 7*
41 ΙΙ 444, 19. 480, 11
44 V 592, 3
2, 35 111 58, 8* ,
37 1 382, 19
50 111 58, 8*
84 1 195, 2
3, 13 111 58, 8*
91 Ῑ[ 114, 7
150 Il 114, 9
ΙΙ 2, 38 ΙΙΙ 58, 8*
111 1, 127 11 99, 17. 111 87, 8
2, 19 111 58, 8*
80 1111 428, 28. 513, 1. V
138, 24. 255, 33
IIII 1, 27 Ι 189, 29
V 1, 1 11 204, 14
52 11 138, 27
Pers. 1 1, 30 sq. 1 212, 22
38 111 59, 5*
3, 19 1 215, 7
28 IIl 59, 5*
30 11 224, 12
11 2, 47 ΙΙΙ 59, 6*
3, 3 111 59, 8²¹². 70, 20
12 111 59, 0*
5, 4 1 72, 2
111 1, 1 111 59, 8* ¹
8 111 59, 8*
18 Ι 200, 15
2, 2 Η 200, 3
3, 10 1111 10, 19. V1475, 28
53 H 99, 20

, INDEX SCRIPTORVM

Plautus Pers.

111 3, 85

77

4, 39

5, 5

8
Poenul.

. prol. 46

96
114
I 2, 26
27
74
122
143
154
3, 34 sq.
Il 24 sq.
33
111 4, 10
v 1, 1
2, 21
31
33 sq.
102
4, 6
5, 7

Pseudul. 1 1, 3

8

2, 31
44 sq.
45

48
91
3, 39
58
152
5, 38
84
11 ι, 1
3, 17
4, 43
58
111 1, 8
2, 28

2, 28 sq.

73
1111 1, 45
2, 55

6, 6 sq.
7, 77
V 2, 3

Rudent.

1 2, 19
66
87
4, 31

111 59, 6*
111 59, 0*
111 59, 0*
111 59, 7*
111 59, 7*

111 59, 1*
111 59, 1*
1 223, 19
111 70, 20
11 105, 8
1 223, 21
111 59, ι*. 71, 1
11 200, 4
v 578, 2
11 272, 8
11 109, 9
Ι 32, 14. 548, 19
1 240, 20
Vl 500, 28
11 139, 7
11 84, 7
11 595,14.111120,18

, 11 309, 2

1 123, 12
ΙΙ 109, 0
Ι 308, 5
Ι 381, 13. 11471, 3
Ι 379, 20
ΙΙ 170, 14
1 74, 28. 11280‚18.
V 40, 9
ΙΙΙ 59, 4*
1 74, 28
V 048, 10
1 339, 31
ΙΙΙ 59, 4*
V 380, 28
1 201, 10
1 241, 23
ΙΙΙ 59, 4*
11 139, 11
II 505, 13 7
111 59, 4*
ΙΙῙΙ 8, 16. 28, 19. VI
473, 14. VII 291, 3
1 83, 5. 144, 10. 11
205, 2
111 59, 4*
ΙΙΙ 59, 4*
III 59, 5*
11 388, 7
111 59, 5*
III 59, 5*
III 59, 5*
1 380, 19
ll 167, 7
Il 109, 1
ΠΙ 75, 19
V 852, l

