656

INDEX SCRIPTORVM

Vergilius Aeneidos
v1408sq. ΙΙΙ 33, 23. 54, 27.

409
410
413
416
418
419

420
421
424
425
427
428
432
435
438
439
441
450
466
485
487
492
495
495
497
501
502
509
514
515
5 17
520
524
529
531
532
539
540
542

550
555
560

561
563
565
577
581
586
587
595
597

602
605

39.

349, 9
711 497, 29
111 357, 12
1111 213, 23
711 542, 13
7Π 542, 14
1111 261, 23. 711 542,
11 243, 13. 349, 13
V 579, 27
711 542, 16
1111 228, 11
V 582, 15
7Π 471, 24. 542, 16
1111 226, 17
711 501, 30. 542, 13
7Π 542, 183 19
1111 247, 9
111 279, 23
711 595, 22
111 354, 11
V 66, 17
1111 261, 24
V 33, 23
1111 249, 5. 250, 33

399. ΠΙ 220, 23

39.

39.

1111 15, 33
VI 458, 19
1 443, 3. 7 233, 39
V11 513, 16
1111 259, 12
11 543, 3
11 229, 3
VI 442, 30
1111 254, 33
71 449, 5. 453, 3
1 225, 3. 415, 29
IIII 262, 3
1111 233, 31. 237, 21
ΙΙ 360, 15
1111 154, 35. 246, 28.
558, 17..V 62, 27.
513, 7
1111 253, 6
III 163, 6
711 59, 19. 294, 23.
312, 17
711 165, 1. 311, 30
711 431, 12 ,
VII 501, 32
11 177, 6
V 523, 5
11 571, 3
1111 228, 32
711 471, 29
I 98, 3. 147, 14. 1111
123, 38
1 453, 35
Ι 433, 25

VI 608
614

616
620

625 399

629
653
653 39.
658
669
670

672
676
677

680

684
684 39.
685

687
691 39.
692
707
708

720
723
724

727
728
729
733
736
743
745
747
756 39.; 759
760
771
773

776
785
787
788
789
790 39.

Vergilius Aeneidos

1111 233, 29
1111 244, 24. 711 121,
1111 232, 3
1 278, 13. 441, 25.
452, 20. 1111 263,
3. 7 388, 13

111 62, 4
711 98, 5
V 562, 4
11 364, 12
1111 254, 9
1111 239, 27
1 67, 16. 433, 12.
1111 252, 21. 434,
19. 711 361, 1

1111 235, 10
Ι 559, 5. V11276,7
1 435, 3. 1111 372,
3. V 132, 8. 272,
V 115, 19. 711 234,
7 559, 23
11 230, 24. 285, 18
1 82, 32. 11 152, 20.
229, 21. 1111 13, 9.
491, 28
1111 262, 8
1 418, 19
1111 233, 27
71 433, 23
71 463, 20. 711 439,

1111 247, 12
111 374, 4
1 282, 19. 1111 399,
1. V 34, 4. 394,
19. 71 455, 27.
433, 4

71 447, 23
1 268, 9
1 447, 39
ΙΠ 279, 25
1111 249, 3
7 519, 34. 711 595,7
1111 219, 22
1111 263, 23. V 555, 4
111 238, 6
1 91, 3. 711 339, 14
111 137, 2
1 279, 2. 442, 7. 1111
259, 13. 7 397, 29
7 35, 24
V11 473, 14
V11 490, 1
1111 534, 24*
1111 533, 17
111 159, 27. 152, 27

 

