INDEX SCRIPTORVM

Vergilius Aeneidos

1111 58 11 403, 1

79 V11 500, 22

90 1 435, 8

92 VII 452, 22

93 1 452, 9. 1111 461,
31. V 310, 34. VI
451, 15

93 sq. 111 310, 5

94 111 2, 12

161 1111 245,14. VI 121,14

105 111 295, 8

109 111 81, 18

112 VI 444, 29

113 1 51, 25

115 V 55, 31

115 V 271, 27

117 V 548, 38

117 sq. 11 411, 21

129 1 495, 7. VI 78, 17

136 111528,·24. 1111 11,
35. ν 415, 12

132 1111 227, 29

135 11 241, 21

141 VI 465, 13

149 ΠΙ 339, 1

153 sq. 11 533, 4

169 1 116, 26

169 sq ΙΙ 365, 18

170 1111 230, 14

174 ΠΙ 433, 14

177 V 522, 38

181 V 72, 8. VI 448, 8

185 1111 226, 25

133 VH 495, 11. 513, 12

265 V 519, 13

213 V 389, 1

218 9. 111 16, 4

222 VI 219, 22

224 1111 415, 14. 511, 12. ·
V 55, 2. 253, 29

226 11 350, 5

228 VI 445, 11

236 V11.417, 3

230 sq. Ι 414, 21

233 1 413, 19. V11 415,
8. 508, 17

237 VII 495, 11

244 1Π 497, 15

243 1111 399, 24.V 805, 27

231 VI 493, 5

232 Π 571, 1

291 q. 111 248, 23

296 VI 455, 8

300 111 215, 9. V11480,3

302 V 889, 23. V11 55,

304 · V 573, 14

310 Ι 516, 19

314 V 403, 25

314 39. 1 238, 25

317

317 sq.

320

820 39.

325 aq.
327

327 39.

329
333 sq.
335

337
341
344
347
350
351
357
359
860
365
367
368
370

373

373 39.

375
379

381
383

383 39.

385
387

391
394
398
401
408 39.
409
415
415
419

421
425
427
433

435
453

651

Vergilius Aeneidos
1111 315

V1 210, 19. 214, 22.
Vll 333, 6
VI 445, 14
11 395, 5
v11 502, 3
ΙΙΙ 31, 24. 345, 3
11 389, 25. 111351, 25
V 24 19. 255, 15.
V1' 445, 4, V11
353, 29
111 99, 14
VII 505, 15
111 148, 27. 291, 3
111280, 3. 295, 21.
298. 14. 328, 2
VI 445, 1
V 45, 10
Ι 99, 26
VI 27, 22
11 35, 16
1 67, 15
1111 237, 1
V 294, 5
V11 463, 23
VI 444, 29. 503, 27
11 478, 5
Π 395, 13
V 233, 13. V11 491,
111 377, 6
ΙΠ 369, 21. 315, 12
11 47, 19
1111 252, 30. VI 445,
1111 520, 2. V 100, 22
V 35, 19
Ι 63, 27. 117, 27
ΠΗ 253, 15
1111 239, 4. V 18, 32.
57, 8. 225, 26
V11 98, 5
VI 530, 1
ῚῙ 483, 16
1 270, 1. V 470, 24
ΠΙ 153, 14
1 441, 7. 1111241,21
1111 252, 32
111 41, 5. 55, 3
Ι 449, 15. 111 307,
21111394, 30. 554,
24²³. V 293, 10.
V1 453, 14
1111 144, 30
V 517, 15. 633, 16
1 872, 18
1 59, 3. 128, 14. 142,
5. 547, 35. 11 242,
VII 491, 15
V1 35, 34

42*

 

