INDEX SCRIPTORVM 613
Plautus Bacchid. I 123, 11. 195, 12 *. Plautus Casin.
200, 7. 201, 17. 205, 13. 219, 17. 229, 111 5, 59 ΙΙΙ 58, 4*
24. 11 575, 11*. 111 58, 2* 1111 4, 18 11 330, 13
v. 19 ed. Bitsch. 1111 7, 7. v 48, 25. V 1, 5 sq. 11 370, 18. 377, 17

199, 17. VI 471, 24 3, 13 HI 58, 4*

Ι 1, 1 1 204, 18 Cistellar. ΙΙ 103, 12, 20. 105, 10. 107,
15 Ι 209, 15 5. 111, 8. 114, 4. 279, 18. 388, 3. 111
15 Ι 32, 14. 548, 19 58, 4*; 5*
42 Ι 220, 24 Ι 1, 1 sq. ΙΙ 529, 15 (v. add.)
52 Ι 221, 11 15 sq. Ι 81, 12. 137, 18
54 sq. Ι 202, 34 · 85 1 190, 1
52 1 201, 7 ΙΙ 1, 35 11 52, 9
2, 28 Ι 201, 23 37 Π 322, 5 ,
11 1, 55 1208, 7 Cureulion.
2, 8 Ι 212, 20 1 1, 1 Ι 112, 11. 441, 18
27 1 223, 12 10 ΙΙ 107, 13
29 1 223, 3 70 ΙΙΙ 58, 5*
43 1 210, 17 75 11 301, 4
3, 13 1 240, 5 82 ΙΙ 283, 4
78 Ι 214, 5 2, 12 ΙΙΙ 58, 5*
ΙΙΙ 1, 12 ’11 421, 2. 580, 28 13 111 75, 12
3, 77 Ι 198, 8 28 Ι 190, 2
8, 18 Ι 205, 5 33 ΙΙΙ 70, 20
1111 4, 18 1 209, 9 34 111 58, 5*
30 Ι 209, 28 3, 2 sq. ΙΙ 113, 20
40 Ι 195, 25 50 ΙΙΙ 58, 5*
83 Ι 223, 5 111, 13 1 59, 12
9, 139 Ι 209, 23 1, 13 (7) ΙΙΙΙ 8, 4
V 2, 4 sq. 1 141, 8 3, 18 Ι 239, 19
30 ΙΙ 97, 10. 284, 18 84 111 58, 8*
Captiv. ' 88 Ι 90, 5
1 1, 12 v 548, 14 111 10 sq. 1 201, 25
11 2, 88 sq. 111 74, 12 1111 2, 20 1 54, 19 (υ. πίσω.
89 ΙΙΙ 58, 3* 111 18, 18
102 ΙΙΙ 58, 3* 4, 20 ΙΙΙ 58, 8*
107 1111 393, 31 21 1 80, 13
3, 8 111 58, 3³¹¹. 78, 1 V 1, 7 ΙΙΙ 58, 8*
87 v 3, 20. vl 581, 8 Epidio.
’111 1, 24 1 197, 13 1 1, 38 sq. 111 252, 8
35 1 355, 5 11 2, 83 111 58, 8* ,
5, 80 ΙΙ 98, 3 111 4, 10 11 85, 24
105 Ι 138, 7. 159, 33. 49 11158, 7·
333, 83. 571, 17 V 1, 34 ΙΙ 112, 14. 113, 15
107 sq. 11 207, 7 Menaechm.
1111 2, 8 V 587, 12 prol. 53 V 378, 33
35 ΙΙ 51, 19 84 ΙΙΙ 58, 7*
45 ΙΙ 258, 23 1 1, 2 VI 485, 10
75 11 258, 15 2, 25 ΙΙ 309, 4
4, 12 11 170, 19 48 1 145, 17
Caein. 3, 34 Ι 201, 5
prol. 49 111 58, 3* 11 2, 88 . 111 122, 19
1 54 V 58, 22 111 1, 3 Ι 345, 5*
ΙΙ 4, 18 ΙΙΙ 58, 3* 2, 11 Π 482, 18
5, 25 11 229, 15 22 1 325, 22
8, 28 11 320, 7 3, 4 ΙΙ 151, 9
32 11 78, 2 23 Ι 111, 24
8, 58 11 108, 19 1111 3, 9 11 151, 11
88 ΙΙΙ 58, 3* V 1, 7 ΙΙ 79, 18
111 2, 25 111 58, 4* 48 11 239, 11
4, 14 11 102, 17 2 101 11 215, 14 (v. add.)
5, 58 sq, ΙΙ 104, 9 102 sq. 11 282, 5

