INDEX SCRIPTORVM

Vergilius ΔαιΠ 16 249, 3

36
45
49
54
56
71
81
90
98
219
234
235
264
274
342
367
435
492
535
559
563
604
618
643
664
III 1

5
57
88
211
237
270
354
384
416
431
435
436
443
489
534
556
636
699

13
27
62
230
233
302
· 315
327
391
496
591
687
V 186
189
195

428, 8
429, 7

422, 28

428, 19

55, 22. 828, 11
288, 12. 854, 8. 418, 10
154, 18

85, 18

298, 28

98, 20

148, 10

415, 28

897, 7

858, 11

541, 84

117, 5

422, 24

249, 5

851, 19

851, 20 .

828, 17

54, 8

414, 27

97 1

’ 888ζ 1. 589, 4

421, 28
288, 28

119, 14. 292, 4
880, 11
282, 9. 254, 8
120, 21. 277, 29
280, 10

18, 9. 57, 25
858, 28

100, 5. 808, 1
415, 7
288, 8. 417, 8
258, 81

548, 24
858, 20. 418, 20
75, 8

828, 10

120, 22

418, 25

89, 22. 851, 18
119, 10
421, 27
424, 2
417, 8
418, 8

55, 20
888, 8
858, 29

98, 8
429, 12
888, 8
288, 7
248, 18
281, 24

97, 2

549

VergiliusAen.V215 117, 3

270
323
344
381
480
485
500
536
546
629
643
691
839
VI 33

34

104
119
179
219
388
401
416
418
428
560
561
614
629
670
676
680
760
792
795
807
810

Vn 1

205
277
289
378
553
634
651
684
694

VIII 91
114
132
155
177
205
245
251
643
654
712

ΙΧ 26

47
168

542, 40

415, 29

544, 18

858, 28

177, 9

100, 8. 808, 2
807, 21

415, 18

285, 11

251, 80

48, 17

aa, 21

188, 9. 800, 5
839, 24

28, 9

828, 14

419, 22

284, 25. 388, 10
422, 28

49, 2

542, 12

542, 18

542, 14

542, 18
59, 10. 294,23. 312,17
185, 1. 811, 80
121, 10 .

98, 5

881, 1

278, 7

284, 28

880, 14
288, 8. 888, 18
288, 17. 418, 21
422, 17

415, 4

850, 80

117, 24

298, 12

291, 18. 848, 80
298, 15. 294,1. 811,22
407, 18

258, 9. 387, 21
897, 8

809, 9

201, 24

422, 12

880, 10

85, 1; 9

97, 12

174, 2*

851, 19

418, 17

288, 18. 418, 18
851, 21

895, 9

128, 28

18, 9. 57, 27
881, 8. 880, 1
288 14. 418, 18

