550

INDEX SCRIPTOBVM

Vergilius Aen. IX 208 300, 18

312
325
358
430
495
503
609
610
770
773
X 1

42

88

156
184
223
362
600
649
658

777 ·

841
XI 220

96, 21
293, 9

293, 13

233, 23

423, 29

253, 7. 349, 5
311, 17

231, 3. 388, 15. 539, 8

59, 12. 135, 3
311, 31
333, 3
ἱ233, 19. 413, 9
533, 2
395, 3
415, 11
79, 3
351, 22
539, 2
339, 19
331, 10. 330, 4
120, 3. 235, 1
355, 22
413, 13

VergiliusAen.XI309 281, 22. 538, 38
507 121, 1. 274, 14
537 838, 10

737 79, 11*
779 414, 29
774 233, 27
312 415, 23
931 234, 25
ΧΠ 1 414, 13
237 233, 19. 415, 24
329 424, 4
343 540, 17
429 323, 19
323 415, 2

331 233, 4, 413, 23
727 129, 11. 279, 4
792 125, 11. 272, 25
931 115, 4. 393, 23
ρῑοεεαε in varios Ver-93⁸3 ver-2113 le-
yuntwr 541, 26 sqq.
Verrius Flanona 49, 6. 51, 1. 80, 18.
233, 3, 12
Victorinus 248, 17
Zenodotus Ephesius 535, 16

 

 

