Iuvenalis satir.

Π6,

111 7,

498 II 162

INDEX SCRIPTORVM 603

, 15. 259, 15

537 Vn 544, 20
553,553 V11 544
5353584 V11 544

578 sq. Π 472
341 sq. 11 311
13 sq. III 77

53 111 333,
75 sqq. 11 346,
82 sq. 111 158,
97 11 333,
129 11 399,
139 sq. 111 329,
142 Vll 124,
148 111 495,
135 sq. 11 337,

, 19
, 13
, 13
, 2. 111 143, 24
, 24
21
18
11
21
8
23
4
34
19. 111275, 7

10 11 323, 10
47 ν 42, 22
35 111 222, 14

142 ΙΠ 364,

187 II 113

⁹ 222 VII 542

1111 10,

11,

225 sq. 11 419
2 11 286
15 11 433
53 11 529

59 sq. 11 307
140 sqq. ΙΙ 274
14, 27 VII 544
25 sq. II 375

21
, 7
, 43
, 4
, 22. 111 431,33
, 13
, 21
, 13
, 4
, 35
, 25

38 V11 544, 33

53 11 330, 5
31 11 521, 9
31 111 353, 21
123 11 293, 18. 590, 12
143 sq. 11 315, 4
150 11 217, 13
152 11 328, 19
157 111 39, 5. 153, 19
174 11 337, 12

171 sq. 11 402
174 sq. II {gg

6

Iuvenalis satir.
1111 11, 138 Vn 542,'28
140 sq. 11 342, 13
142 sqq. 11 108, 5
130 VH 542, 30
134 11 130, 12
197 sqq. Π 404, 11
201 sq. 111 353, 13

303 11 103, 4
V 13, 40 11 103, 14
43 sq. Π 343, 12
177 sq. 11 157, 17. 313, 22.
342, 11
229 11 342, 3. 353, 20
14, 29 sq. 11 304, 15
30 11 293, 15. 590, 3. 111
10, 18. 331, 3
57 111 222, 13
32 11 435, 24
33 V 473, 9

83 sqq. II 243, 16
119 111 313, 13
121 sq. 11 304, 12
129 sq. II 338, 18
200 sq. 111 371, 14
243 11 430, 18
271 Π 137, 13
273 sqq. 11 291, 11
292 sq. 11 205, 13

15, 17 11 333, 4
23 111 213, 14
102 sq. 11 243, 20. 349, 19
140 11 345, 12

13, 2 11 399, 1. 435, 17
Iuvencus V 571, 8ς 14. 577, 2ς 31. 578,
1, 9, 20. 579, 15. 531, 4, 5. 582, 11.
583, 23, 24, 23, 23. 534, 17. 535, 25,
26. 588, 7; 83 1ος 24; 28 591, 17; 18.
592, 3, 7, 15. 593, 11. Vll 233, 13,
Iuventius Ι 221, 16

23. 434,21.111 Laberius 181, 2. 83, 20. 372, 17. 11334,

,13

195 1111 494, 23

196 IIII 492

204 sq. ΙΙ 544,

,13
9

277 11 373, 3
273 sq. 11 344, 18
280 sq. 11 570, 12
317 V 414, 20
12 11 37, 22
20 VII 542, 10
28 11 340, 21

39 sqq. 11 273, 13

44 III 50

,13

54 sq. 11 389, 19.111331,22

60 sqq. ΙΙΙ 152
80 II 241
81 ΙΙ 404
136 VII 542

,2
,17
,3

,23

10. 386, 14

in Aquis caldis 1 75, 17. 209, 13
in Ariete l 101, 4

in Augure 1 204, 23

iu Caeculis I 206, 7

in Cancro II 200, 9

in Cretensi I 108, 23 (v. add.)
in Lacu Averno H 258, 7
in Piscatore 1 97, 13. V11285, 17
in Tauro 1 345, 13
in Tusca I 202, 15

Labienus Ι 77, 14. pro Figulo 1376, 8*

Lactantius V 577, 14. 578, 23. 530, 23,
29. 531, 12. 533, 32. 533, 23. 593, 23.
de metris V1 209, 12

Laelius ΙΙ 198, 4*. 382, 1*

Q. Laelius de vitiis virtutibusque poe-
matorum 1 141, 33

38*

