INDEX SCRIPTORVM

Cicero, M. Tullius in oratore
64, 216 71 676,14; 16.677,10

66, 222 1 466, 21
223 71 671, 3

67, 223 1 466, 6
224 1111 211, 34

225 Ι 466, 7
70, 234 VI 575, 23
de optimo genere oratorum
2 I 199,1
4 Ι 199, 6
pro Quintio
4, 14 1 217, 3
4, 17 VII 463, 30
6, 26 711 664, 23
16, 63 V 624, 34. 646, 1
31, 96 711 464, 7

pro Sexto Roscio

1, 1 1 366, 6. 363, 22.
396,16.V11420,16
2 1 206, 4
3 1 203, 30
4 1 212, 4
2, 6 1 116, 14. 1111 212,
22. 711 476, 6
4, 11 711 461, 6
7, 16 111 37, 6. 1111 431,
36. V 162, 24. 426,
6, 21 1264, 6. 390, 17
6, 23 711 466,14
12, 34 111 366,17
13, 37 11 361, 7

14, 39 711 496, 19
16, 43 711 119, 17
16, 44 711 461, 24

16, 60 Ι 169, 2. 226, 20.
394, 24. 404, 16.
711 16, 60

19, 63 V 471, 4

22, 60 111 72, 21

23, 64 1 462, 16

26, 72 711 462, 16

27, 74 111 76, 2

26, 76 11 634, 24

32, 91 711 466,16

34, 96 111 7,16

585

(licet-0, M. Tullius divinat. in caecilium

3,
4,
ὃ,

6, 26

6,
7,

8,
9²
12,
13,

14,
14,
16,
16,

17,
20,

21,

9
14
19

20
23

26
27
37
41

45
46
48
50
51
57
64
65
67

1111 42, 26. 71 496, 9
1111 41, 1, 71466 ’14
Ι 143, ’14, 1111’ 42,
31. 71 466, 14
711 467, 22
1111 42,61.71466,16
111333, 19. 1111 41,
21. 71 464, 2. 711
490, 13
1111 41, 1. 71 493, 16
1111 42, 32. 71466, 16
1111 42, 33. 71 466, 16
111 166,6.362,17.366,
12. 366,11. 1111
42, 33. 71466,17
11 636, 16. v1460’, 12 ,
711 667,12
111143,1. 71 466, 16
1111 43, 2. 71466, 16
1111 41, 26. 71 494, 6
111 373, 10
1111 43, 3. 71466, 19
1111 43, 4. 71 466, 26
111 336, 22

in Verrinis 11 261, 6. 367, 3 627,11.
111406, 17 711’ 636, 16

in prima ’actione V 77, 6

666111. 3,

4', 16
11
6, 14

6, 16
16
7, 16
6, 21
22
16, 32
12, 34
66

8

36
14, 42
17, 61
62
16, 46

1111 46, 6. 71466, 21
71 44⁹6, 26

1 467, 26

111 66, 22.111140, 32.
71 463, 13
1111 43, 6. 71466, 22
711 121, 26

111 299, 6
711 123, 2

7 273, 26

11 486, 1
1111 41,11.71463,24
1111 41, 26. 71464, 6.
711 666, 6

11 223, 24

II 606, 19
111 166, 6

11 126, 3
VII 467, 23

97 I 393, 23. VH 420,17 666666,11,1 sqq. ΠΙ 263,19

36, 66 711 462, 23
36, 104 111 76, 26
46, 131 1 66, 16. 647, 26
50, 145 VII 493, 7
62, 166 711 466, 1
63, 164 711 462, 16
divinat. in Caecilium
1, 1 1 466, 7. 470, 6111
246, 6. 246, 1. 264,
232 1111 42, 30. V
133,13. 71 466, 13
2, 4 711 613, 24
3, 7 7 233, 6

omannol burun vu.

..Φ ..Οἱ ..νβ §ab ΕΦ

2

3
6
7
9

14
16

ΠΙ 264, 2. 111142, 26.
71 466,16.7Π’466,
16. ’661, 6
111 264, 6. 1111 419,
34. V 276, 34
111 246, 13. 264, 6
111 264 )6 366, 23 (v.
111264,16.11Π 41,
21. ’71 464, 2
1111 42, 27. 7’1 466,
11. ’711 116, 26
1111 42, 26. 71466 11

38

