596

INDEX SCRIPTORVM

Homerus Od. E 237 I 430, 4

Θ 334 11 450, 3

I 24 · 1 430, 10

347 Ι 495, 17

391 111 413, 3
394 V 623, 26. 633, 37.

653, 32

K 60 Ι 500, 13

2333 313 V 623, 16
Α 90 sq. 111 137, 3

91 111 15, 23
M 73 111 126, 10. 131, 13
Ν 935 ΙΙῐ 19, 9
939 V 301, 15
339 111 266, 6. 233, 19
Ξ 339 V 624, 12
Π 45 111 33, 7
P 172 sq· 111 190, 11
595 V 600, 10
Φ 12; 30 V 601, 13
133 VII 59, 13
933 111 33, 7
Χ 493 ΠΙ 993, 19

,Ω 515 V11 55, 15

Horatius 1 433, 6. 435, 173 32. 501, 7.
11 503, 15. 531, 7 (v. aaa). 111 307,

q 24. 430, 3. 1V 25, 17. 255, 25. 436,
15. VI 50, 97. 137, 39. 959, 5. 473, 5.

479, 13. 333, 30 (3). V11 990, 3 (9).

309, 24. 534, 3

carm. 1 1, 1 Ι 503, 3. 510, 16.V1

147, 4. 150, 21. 161,
4. 259. 15. 267, 30.
263, 17. 235,13.302,
9. 404, 2656. 405,
2638. 501, 21. 536,
3. 537, 1

2 VI 253, 16

94 sq. ΙΙ 335, 3

33 39. 1 266, 3

, 1 1 503, 94

1399. V1 116,14.155,31.161,
22. 167,14. 171, 36.
933,-19. 971, 13. 994,
17. 236, 27. 535,16.
531, 10

4 1 506,21. 511,97.519,
11. 516, 11.1111435,
4. V1 73, 6. 74, 25.
116,16. 935, 3. 513,
93. 591, 14

7 V 443, 11

10 VI 157, 13

11 sq. 11 144, 17

15 Vl 157, 3

49 Vl 156, 33

45 VI 157, 11

3, 1 1 503, 13. 512, 3. 1111

1 sq. V1 ‘3123'132711314113
11. 143, 39. 133, 4.

Horatius ctu-111. ‚ ·
1 3, 1 sq. VI 237, 24. 404, 2633.

537, 24. 532. 3

4, 1 1 32, 25. 503, 27. 510,

21. 507,13. 511, 32.
111113,3.V415,25.
VII 332, 13

1 sq. VI 117, 21. 142, 23.
163,22. 173, 14.263,
23. 271, 3. 234, 12.
993, 3. 411, 2322.
599, 3. 544, 99. 545,
10. 532, 13

2 VI 143, 97.149,17.134,
13. 133, 37. 179,19.
953, 97. 970,97.971,
11. 994,15. 302, 24.
531, 13. 533,22. 593,

4 11 337, 10. 432, 1. V
463, 20

5 VI 544, 3

6 VI 523, 12

7 Vl 544, 26

11 VI 523, 94

19 V1 136, 3. 541. 1
13 V1 529, 17. 539. 19

, 1399. VI 159, 16. 164‚30. 267,

25.233,13.403,2733
3 VI 74, 21. 145, 1. 151,
17. 232,10. 513, 99.
599, 3
13 V 463, 3

,1 1111 243, 5

1sqq. V1 165, 9. 300, 3. 405,

6 1373313. 450, 99. 1111 .
395, 17. V1454,16
7 Π 33, 15. 277, 6

13 sq. 111 251, 22

, lsqq. V1 113, 97. 165,13.170,

13. 172,15. 300,12.
333, 2100
2 V1 263, 15. 531, 21
13 11 203, 7
27 V1 115, 6
23 VI 115, 3
39 1111 246, 5

‚ 1 1 503, 5. 11 237, 5.

III 459, 14

1 sq. VI 53, 5. 36, 23. 37, 14.
101,23. 144,13.165,
27. 173, 12. 270, 4.
300, 13. 517, 13

2 1 503, 36. 503, 7

339. 111 137, 21. 243, 21

9, 1 1 509, 39. V 346, 12

139. II 203, 3

1 399. VI 166, 12 268, 6. 237,
12.301,12. 303, 15.
541, 6. 531, 4

