552

INDEX SCRIPTORVM

Vergilius Aeneidos

1111 459

1111 129, 1
450 1111 244, 24. 558, 19
452 V 572, 23
454 11 353, 3

457 sq. 111 283, 7. 302, 7

471 1 324, 5. VI 37, 15

478 Ι 13, 3. 1111220,34.
vl 30, 3

482 1111 221, 29. 255, 33

492 sq. 111 153, 9. 258, 29

493 Ι 341, 13. 441, 15.
1n1 237, 1. 263,
6. V 645, 31. V11
450, 1

494 Ι 221, 3. V11 508, 30

495 VII 429, 12

495 39. 1 439, 3

593 VI 28, 27

511 1111 259, 24

517 V 477, 24

529 V 593, 38

529 sq. 11 314, 3

522 VI 29, 31. 587, 11

527 1 269, 28

529 VII 484, 16

534 1111 219, 24. 229, 33

537 1111 251, 22. v 74, 17

539 1111 249, 16

545 1111 236, 35

547 VI 211, 1

549 1111 235, 23

559 VII 467, 31

555 1111 249, 14

558 1 108, 16. 463, 18.
VI 154, 1. 501, 25.
598, 12

563 V 352, 25

569 1 191, 23. 1111 247,
26. 255, 9. 559, 2.
V 55, 19. VI 442,
25. 447, 11

559 sq. 111 238, 2. 286, 16

575 V11 474, 31

576 1 257, 15. 258, 19

584 1111 491, 1

584 sq. Ι 274, 30. 469, 13

585 V 308, 21

585 V 401, 14

590 1 15, 20. 1111 222,
1. 253, 28. 443,
22. 535, 19. VI
31, 9

591 1 13, 36. Vl 35, 8.
V11388, 8. 479,

593 1111 399, 10. V 254,
25. 394, 29. VI
455, 5

593 sq. 1283, 10. 448, 8.

111 113, 18

Vergilius Aeneidos

1111 594 111 195, 14
595 1111 154, 25
596 sq. 11 449, 3
597 V 57, 8
599 V11 597, 8

604 399. III 252, 5

605
606

607
616
628

· 628 89.
633
634
640
654
656

660
661

661 89.
668
675

679
582

687

693

696

703
V 1

2
3
8

10
11
13

15
17
29
36

37
38 39.
39
45
46
52

V 39, 29
11 504, 12. V1 445,
Ι 427, 39
V11 472, 5
ΙΙΙ 322, 7. 1111 398
28. V 304, 13. Vff
455, 23
1 282, 15. 447, 27
1111 225, 7
Vn 510, 20
1111 227, 22
1 235, 29
111 307, 11. 315, 11.
355, 1
1 235, 37
1 255, 23. 1111 445,
33. 563, 19. V 291,
4. Vl 450, 5
111 192, 21
V11 595, 15
1111 221, 34. 258, 28.
Vl 375, 1557
Π 589, 16
1 278, 19. 441, 29.
1111 253, 10
1 548, 3. v11 258, 7
1111 221, 2
1111 252, 14
V1 444, 26
111 480, 13. 1111 259,
9. V 401, ὃς 20
V 401, 17
V1 537, 3
1 272, 21. 457, 21.
1111 399, 22. V 305,
23. 587, 15

’ 111 45, 16. 399, 28

V11 484, 6
1 192, 311195, 11.
194, 9. 138, 7. 285,
11. 1111 247, 30.
559, 5
111 451, 30
V 147, 27
11 359, 1
Ι 272, 15. 457, 12.
V1 457, 1
V 593, 17
11 287, 9
11 353, 17
Π 396, 18
VI 352, 1243
11 175, 17

