IN DEX SCRIPTORVM ' 633

Vergilius bucolicon Vergilius bucolicon

3, 1 V 53, 4. 210, 24 3, 103 111 234, 15. VI 37, 5.
1 sq. vl 389, 2133 323, 9
5 VI 22, 19. 505, 19 104 Ι 417, 18. v11 422,
5 1 33, 4. 1111 254, 9. 21
V 448,17.vl1329,5 105 vl 452, 24. vn 500,
8 1111 250, 24 15
10 39, 1 285, 19 106 1111 213, 19. Vll 481,
12 1 258, 13. 1111 228, 19
23 109 VII 453, 21
13 vn 453 13 ⁴, 1 1111 48⁷, 20
22 1 229, 15. Vl 332, 8 1111 250» 1⁹
1242 30 H 175, 17
23 111 213, 25. V1507,3 39 VI ⁵⁰⁶⁹ 2³· ⁵¹⁸2 ⁸
25 1111 412, 24.V213, 23 {g Z} 223} {g
ἱ
ἓξ ⁸³²· 111} {¹¹1²}ssss ΞΘ. v1 504, gg {sl} gg, ἐξ 504 13
v · 1
33 111 213, 27. 1111 232, ἓξ fl {g} ἐξ* V339 23
21. VI 215, 12. 423’ ,ᾖ ’ ·
vn 340, 93 5, 1 vl 443: 1
35 111 2⁰32 ¹8 1 sq. ΠΙ 131, 22. 235, 12.
44 VI 513, 13 343 13
⁶⁰ 111 2⁹51 ¹¹ 2 . 1111 2412 35. VI 503,
52 VI 505, 23. 513, 5 23
5⁷ Ῑ ⁶¹2 ²⁷ 5 111s mm. V 523, 10
32 vl 507, 3. 513, 15 11 1 113, 7
62 ⁸9· 111 ¹⁷2, 8 13 VI 507, 10. 513, -7
63 Ῑ 136, 6. Vl 446,24 25 VI 450, 21
54 IIII 250, 4 34 VH 463, 19
59 1 103, 25. 140, 14. 36 1] 175, 17
V585, 20. VII 286, 27 V 531, 30
23. 451, 16 38 1 453, 36
69 ⁸2· 11 424, 16 39 1111 227, 3
77 111 95. 21. 207, 4. 241, 45 1111 233, 32
6- V 64³, 35 45 sqq. '11 333, 23
79 1 204, 8. v 119, 7. 43 1111 233, 32
VI 507,5.513,11. 47 11 329, 15. 540, 13
515, 13. vn 254,3 43 VII 454, 23
30 sq. 111 185, 9 50 1111 250, 7
32 sq. 111 135, 5 54 v11 453, 23
33 V 505,15. v1507, 1. 53 VI 513, 27
513, 9 51 vl 505, 21. 513. 1
88 111 307, 3 37 VI 503, 25
39 11 175‚17.V 177, 32. 70 Vl 203, 23
553, 7. 579, 10 72 VI 115, 22. 142, 1.
90 1111 402, 19. v 312, 8 388, 2095
90 sq. 1 453, 2 73 VI 154, 3. 505, 23.
92 VII 477, 31 514, 1
94 V 33, 24 78 v 580, 9
95 1111 129, 10. 225, 24. 80 VII 120, 14
vl 233. 10* 32 1 81, 11.VI1 291‚7
93 11 14, 15. VII 250,4 85 1111 233, 15. Vn 453,
97 VII 323, 15 15
100 1111 255, 2 37 11 575, 7*
101 1 35, 5 33 VI 355, 1023

mutuum-101 nul-nu vu. 41

