618 ’

INDEX SCRIPTORVM

Sallustius histor. 1111 3, 13. 7, 2. 21, 5. 8511.2.5ins‚in'cati1ina

V 482, 22. 1711 455, 24. 456, 6. 467,
3. 472, 6. 480, 24. 481, 10. 483, 28.
486, 19. 488, 1, 5, 12. 490, 4,’25.
495, 16. 498, 24. 503, 9, 13. 507, 16.
509, 25. 510, 7; 8. 513, 22, 27
in II in oratione Cottae I 549, 22
in epistula Cn. Pompei ad senatum 1
366, 12
histor. III 196, 7. 107, 12. 195, 21
(v. add). ΙΙ 236, 1, 15. 246, 5. 249,
13. 382, 4. 431, 21. 506, 9. 514, 16
(v. aad). 535, 6. 546, 12 111 74, 27.
1111 16, 18. Vll 463, 10. 456, 5. 463,
6*. 468, 12. 469, 29. 475, 5, 10. 476,
7, 10. 477, 29. 478, 26. 480, 21. 481,
14. 482, 6. 486, 30. 487, 83 29. 488,
23. 489, 5. 494, 18. 500, 14. 503, 11.
507, 16
histor. 1111 1 88, 3. 131, 26. 375, 19.
552, 13. 11 235, 3. 435, 13. 473, 8.
484, 5. 487, 4. 512,12. 535, 8. 11152,
10. 1111 22, 22. 28, 25. 29, 28. vl 480,
8. 1711 450, 11. 453, 1. 456, 10, 11.
461, 10. 464, 26. 470, 23. 472, 163 18.
48, 28. 487, 5, 6, 19. 488, 4, 14.
494, 7. 496, 30. 498, 10; 19. 499, 24.
500, 2, 17, 27. 500, 28*. 503, 15. 509,
14. 510, 6, 12
in epistula Mithridatis ad Arsacen I
119, 11. 196, 18
histor. V 111 225, 153 20. 226, 1. Vll
454, 29. 456, 24. 470, 25.474,10.488,
16. 489, 16
in Catilina
1 Ι 139, 23. 149, 17. 305, 29.
313, 11. 11 358, 15. 111
107, 9*. 226, 3. 288, 17.
370, 18. 1711496,27. 508,
4. 542, 23
2 III 44, 21. 102, 20. 157, 28.
236, 7. 287, 2. 433, 30.
V 74, 17. VII 488, 9
3 1 215, 27. 1111 23, 29. 171
278, 15. 444, 27. 445, 14
1711 490, 11
11185, 4. 217, 14. 328, 6.
1111 142, 18. V 72,12.171
446, 8. 1711 449, 14
111 414, 13. 1111 129, 16
1 435, 9. 1711 490, 21
171 446, 9. 1711 485, 29
1 365, 3
1 71, 12. 1711 450, 32
111 69, 6. 99, 28. 292, 8. 341,
26. 503, 9. 171 446, 10.
469, 9. 1711421, 17. 486,
18. 501, 10
12 11 310, 1. 111 370, 3
13 111 320, 16. 1711 451, 2
14 1 553, 29. 1711 507, 6

UH*

ῦ-*ΦΦΦᾶΙΦ

μμ

15

1 211, 23. 1111 15, 14. 23,
34. 171 446, 11 .
1111 28, 27. vl 479, 19

17 1 270,30.451,1. 111305 19
18 1 445, 22. 111 49, 6. 1711
307, 20
19 1711 122, 8
20 111 49, 24. 364, 6. 171446, 5.
Vn 486, 28
21 111 304, 16. 1711 455, 20
23 VII 119, 16
24 Vll 513, 1
25 111 286, 5. 17 477, 30. Vll
464, 18. 473, 28
30 1111 419, 13. V 288, 1
31 11 340, 20. 354, 21. 171446,
10. 1711 468, 6
33 Vll 470, 14
35 111 321, 19
36 1 22, 18. 539, 12. 111 188,
· 14. 343, 12. 348, 22. 354,
21. 1111 149, 9. V 76, 14.
78, 16. 278, 23. 555, 6.
VII 354, 2. 499, 13
37 171 446, 3. 1711 497, 21. 498,
39 1 270, 30. 451, 2
40 « 11166, 14. 281, 12. 307, 9.
1111 150, 20. 511,30. 1711
355, 8, 18. 464, 7
43 ΙΙ 109, 9
44 IIII 124, 8
45 1111 85, 5. 1711 464, 19
47 1111 149, 4. 1711 451, 7
49 11 539, 19
50 1 215, 25
51 1 139, 22. 11 193, 4*. 575,
18*. 111 92, 12. 103, 13.
273, 15. 307, 5. 358, 23.
1111 125, 29, 17 73, 14.
Vll 456, 1. 459, 29. 460,
2. 490, 6. 494, 3. 514, 12
52 Ι 381, 27. III 455, 31. VII
117, 6. 486, 24. 488, 25.
493, 5. 499, 8. 503, 1
53 1 143, 13. 11 258, 6. 171
446, 4. 1711 459, 6
54 171 459, 19
55 1 76, 16. 1711 477, 32
56 111 184,11.514, 221711451,
57 III 343, 20. VII 498, 23
59 1711 119, 24. 451, 12. 453, 2.
459, 1
61 I 159, 31. 333, 31. 561, 15
in Iugurtha
1 I 139, 24. 488, 12. 1111249,

1. V 64, 4. 251, 7. 519,
11. Vl 126, 21. 442. 29.
470, 14. 1711 541, 23

