Persius Flaccus sat.

1, 49

56
56 sq.
58
67 sq.
87

101

INDEX SCRIPTORVM

ΙΙ 552, 9 (v.add.).111
342, 6. 369, 15

1 386, 6. 111 68, 14

11 251, 9

611

Philemon I 489, 5. VI 78, 22. 557, 2.

664, ιο

Philicus VI 86, 10. 128, 10*. 263, 25.
264, 2. 381, 1883

Phillis Vl 608, 5

I 373, 2. V 483, 6 philosophi υ. incerti scriptores
Philoxenus Vl 98, 22. 302, 20

111111159531'224. 36, 8. V1 Phocus VII 146, 21. 212, 28. 214, 25. 1⁹·

487, 14. 489, 10

Vi 476, 5

1013105 1111 25,17

109

112

113 sq.
2, 30

44 sq.

52 sqq.

71 sq.
3, 1
9
11
19
29
48
75
4, 9
30
37
43
5, 12
49
55
62
67
68
75
77
88

105 sq.

106
6, 4

5

10

10 sq.

24

46

50 sq.

70

73

111208,16.
ΠΙ 415, 28

ΙΙΙΙ 195, 29

Π490, 5. 496, 2

433, 24 II 515,
Phroehichus v.

16

Phrynichus

Phrynichus ΠΙ 305, 2. VI 87, 20. 95, 2
προαστρίαις 111 173, 4

τραγῳδοῖς

Ill 350, 20

11495,2.11142,11 Pindarus 11 244,10. ΙΙΙ 427, 1; 6, 8,
10; 13. 428, 17. Vl 126, 8. 256, 9.

V 348, 22
11 433, 24
11 218, 28
11 472, 1

111 86, 6

V 471, 27
V 324, 28
V 479, 12
211, 1

11 205, 9

111 65, 23
1111 431, 34

11 333, 7

1 263, 22. 369, 6
11, 433, 11

11 341, 16

11 205,11.111116,15

V11 62, 13. 154, 14

ΙΙ 552, 9 (v. add.)

111 369, 18. V 136, 6
1111 432, 23*
Vn 174, 14*

11 683, 19. 111 166,
17. 192, 16. 205,
11. 366, 7

11433, 7

11 469, 4. 111 463, 2

170, 1. 202, 26*

V 163, 2

1 98,’6. 1111 39, 22

11 637, 11

1111 494, 22. V 161, 24

11 333, 4. 350, 22

Π 479, 8
ΠΙ 526, 8. V 421, 30
1111 36, 3

Petronius Arbiter 1 518, 21. 11 381. 2.
567, 19. 1111432, 25. V 167, 11. 578,
23. VI 138, 24. 153, 33. 399, 2489.

409, 2852

Phalaecius VI 381,1883 cf. Philicus
Phalaecus I 509, 11. VI 118,11. 128,
10. 150, 25. 2⁹58, 14

Pherecrates comicus

Κραπατάλλο· ς llI 328, 22

ἐν Χείρωσι

111 328,13

646, 5. 608, 3
Olympz 1, 1
Pisander Vl 607,

V1, 515, 1'7; 25

3

Piso Frugi in 11 annalium 11 510, 23
historiarum 1 11 497, 9

Plato comicus

περιαλγεῖ 111317, 17. 351, 22

συμμ αχίᾳ

ΙΙΙ 285, 8

Plato philosophus Vl 573, 13. Vll 323,

13
ἐπιταφίῳ

Alcibiad.
1 1 Ρ.
2 p. 104 Ε
Ρ. 105 A
Ρ.105 Ε
11 Ρ. 115 0
17 Ρ. 121 D
11 3 Ρ. 139 G
apolog. Socrat.
16 Ρ. 28 0
18 Ρ- 31 Β
Charmid.
4, 7 Ρ. 155 ,Ε
7, 17 p. 160 0
23, 51 p. 175 D
conviv.
1 Ρ. 173 A
3 p. 175 B
15 Ρ. 191 A
Criton.
1 Ρ. 43 D
4 Ρ. 44 Ι)
5 Ρ. 45 D
8 Ρ. 48 Β
14 Ρ. 52 C
Euthydem.
2, 5 Ρ. 272 Ε
11, 29 Ρ. 283 A
17. 45 p. 290 G
Gorg.
13, 32 p. 458 D

Hipp. mai.
23, 42 p. 299 A

Ῑ11365, 17
ἐν προτέρῳ ιππαρχικῷ 111 346, 6

194 ASteph. 111 264, 20
111 266,
111 266,
111 266,

4;
17

153

111 266, 9

111 336,
111 262,

111 364,
111 282,

111 256,
111 336,
111 333,

111 363,
111 366,
111 187,

ΙΠ 363,
ΙΙΙ 358,
111 367,
111 333,
111 311,

111 330,
111 319,
111 337,

5
15

23
2

15

18;

17

12
14
3

1
8
10
1
17

13
18
19

11

19

21

111 266, 4. 289,

11

ΠΙ 349,

6

 

