638

INDEX SCRIPTORVM

Vergilius georgicon

II 542

111 1
5
6 ι

7

8

13
17
18
31
35
42

52
53

54
58

63
64
69
73
75
81

89

sq.

89 sq.

93

94

102
104
113
1 15
116
127
128
135
135
143
150
156

164
166
167

sq.

1 276, 6. 462,1.1111
401, 27. V 310, 26.
111 461, 9
1111 223, 2. 233, 1
111 639, 29
1 496, 14.11171,32.
73, 9. 161, 3. 260,
23. 292, 7. 407,
2730. 610, 20. 616,
3. Vn 329, 6

1 73, 22. 11114639
1 82, 34
1111 602, 7
V 686, 9
111 27, 21
1111 473, 22
11 63, 3
111 62, 24. 11112364.
247, 24
1111 329, 9
1 409, 16.]1132,12.
63, 10. 292, 20.
343, 16. 366, 1.
1111 266, 26. 391,
16. V 78, 14. 111
429, 4 1111 364,
17. 612, 3

111 232, 24
111 249214. 1111 601,

111 362, 14
1111 24, 13
1 268, 32
1111 260, 31
v 622, 39
1 373, 4. 111462,10
1111 613, 7
1111 227, 17. 111 466,

1 463, 20
11 273, 3
1111 229, 14
111 366, 1046
1 648, 22
111 103, 3
1111 211, 26
1111 483, 26. 437, 10
11 176, 17
1 14, 9
1111 401, 2. 11 303, 26
1 460, 20
1111 264, 20
1111 246, 26
111 64, 16. 143, 19.
193, 12. 1161713
vll 48, 22
V 600, 27
v 619, 36 vu 610,

Vergilius georgicon

111 163 sq. 1 233, 6

134 1 93, 13. 1111 211,
26.* 241, 33. 640,

136 1111 241, 19

189 l 266, 18. VI 284,

201 1111 248, 6

204 111 366, 1029

206 sq. 11 426, 16

212 1111 262, 29. V 476, 6

213 111 38, 17. 46, 8. 1111
662, 29

216 1 342, 17.11649,11

216 sq. 11 413, 12

219 V11 497, 27

223 1111 433, 3. V 239, 7.
449, 22

226 1111 469, 23

230 V 500, 25

231 11 164, 21. 111 282,
9. 1111 497, 24

233 vn 496, 3

239 1 201, 26

243 11 399, 14

246 1111 32, 27. 1111 496,

256 V 600, 10

257 ΙΙ 397, 18

264 11 213, 7. 11 633, 14

276 V1 604, 5

284 sq. 111 362, 11

286 V 66, 28

299 v 672, 19

311 1 269, 20. 648, 6. V
684, 6

311 sq. 11 390, 10

314 11 376, 7. 111 232, 7.
300, 8. 377, 12.
vu '497, 29

321 111 300, 10

326 111 34, 14. 34, 23. 143.
20. 369, 20. 1111
246, 7. 416, 19.
423, 22. V 136, 3.
265, 36 ’

344 sq. I 448, 3

343 V11 468, 2

366 111 317, 3

366 1 96, 13. 643, 6. v
690, 16

367 1 219, 14. 11 604, 8

368 111 603, 3

374 11 472, 7

376 11 196, 11

381 1 276, 11. 460, 32.

111113, 71111401,
16. 666, 20. V 309,
32 390, 36. VI 39,
1. 66, 6 449, 8.

