598 ⁸ INDEX SCRIPTORVM

Horatius carm.
111 15, 1 VI 119, 25
16, 13 sq. Π 221, 7. 517, 17
17, 4 11 256, 6
12 sq. 11 315, 26
21, 11 sq. V1 159, 32
23, 3 1111 438, 16. V 242, 7
24, 25 1 329, 26
25, 139. Π 259, 19
2 V 40, 25
27, 25 V 484, 9
29 V 66, 10
69 39. 11 374, 16 (v. add). III
269, 14
29, 37 V 40, 8
30 1 Vl 405, 2694

1111 1: 1 Vl 150, 13. 259, 9
10399.ΠΙ 427, 16
3 11 518, 3
11 sq. ΙΙ 321, 12
34 V 481, 33
43 V 555, 18
1⁸2· V1 104, 15. 169, 18.
303, 6. 379, 1809

2 Ι 515, 30. Vl 101, 32
8, 1 VI 405, 2695
10, 1 VI 168, 3. 303, 11. 405,
11, 24 V 42, 23
13, 16 11 153, 17

20 111 110, 17
14, 13 sq. 111 307, 2

3439911 73, 5

fl ,Φ „⁸³³ ’ω 30

carm. saecul. 1399. VI 171, 28
49 II 367, 14
epod. 1, 1 1 515, 13

139. VI 57, 21. 133,10. 169,
25. 173, 4. 303, 20.
398, 2454. 518, 9.
522, 7. 593, 10. 594,
9. 638, 30

3 V1 63, 24. 518, 9

4 V1 137, 16. 640, 17

2, 13 3 11356‚ 10

139. V1 52, 32. 79, 16. 81,

16. 82, 31. 102, 33.
134, 13. 137, 10.
141, 22. 143, 11.
168, 29. 169, 27.
286, 11. 395, 2360.
521, 11. 535, 19.
640, 15
2 1 510, 34. 511, 10. V1
102, 1
9 V 483, 29
10 V1 269, 3
21 1 382, 2
33 V1 639, 1
35 VI 287, 15. 639, 4
49 sqq. 11 473, 12. 570, 23
, 3, 1 V1 169, 29

Horatius e

pod.
3, 2
4, 4
5, 1

1 39.

v 74, 8
111 196, 11

11 sq. ΙΙ 249, 23
33 sq. ΙΙ 321, 15

57

V1 523, 7

57 sqq. 111 128, 19*

69
99
6, 5
10
12
13
7, 3
5
13

„05:³90

1
5
8
9
10

11, 1 sq.

2

4

8
12, 1 39.

ἑὲ

13, 1 39.
2

4
7 39.
14, 1 39.

2
10
15, 1

1 39.

4 39.
16, 1

V1 524, 14

Vl 524, 5

V1 527, 17

-V 461, 8

VI 527, 20

VI 528, 1 ,

VI 525, 19

Vl 525, 11. 528, 10
V1 528 4

22 1111 20', 8

1 485, 13. VI 79, 32
V1 526, 10
V1 527, 10
VI 527, 12
V1 527, 6

Vl 170, 7. 303,25.413,
111 459, 21. vl 102, 3.
170,34. 173,17. 271,
19. 294, 21. 543, 25.
639, 24 -
1 511, 4. V1 544, 1
VI 544, 5
VI 170, 15. 303, 29
V 467, 21
Ι 158, 5. 557, 18. VI
230, 20. 242, 14. V11
402, 8
V1 170, 29. 304, 1. 413,
Ι 516, 13.1116‚8. 304,
6. ΙΙΙ 112, 22. Vl
173, 18
VI 271, 16. 294, 23
11 47,15
V1 171, 14. 304, 4. 412,
2962
Vl 520, 15
V1 520, 16
1 485, 21
VI 171, 17. 412, 2964
111 311, 11

sq. Ι 485,25.V1 171,9. 304, 7

47 sq. VI 412, 2957

17, 1

. 15
17
18

48
50

V1 171, 21. 304, 10. 393,
ν] 3352.. 527, 13

1111 7, 25

V 166, 23, 176, 9. V1
521, 63 10

1111 432, 20. V 42, 19

V 293, 28

