INDEX SCRIPTORVM

Terentius in Andria

1111 2, 19

26
27
29

3, 24

4, 1
δ sq.
12
18
22
24
243 26
29 ,
33
44
48

ὁ, 1
2
2 sq.
3

9 sq.
12
13 ⁴

’ 19

V1,3
6

12

2,2.
5

8 sq.
9
25 sqq.
27 eq.
3, 113 14
18
' 18 sq.
19
28
4, 4
9
13
16
19
20
29
30

37

111 137, 6
111 336, 15
1 110, 13.11158,13
ΙΙΙ 237, 24
11 389, 23
VII 496, 2
111 187, 18
111 74, 4
V11 479, 22
V 468, 24

· V 231, 37. 240, 18 ·

ΙΙΙ 174, 2
111 64, 21. 72, 5

’ 111 84, 21·

Vll-504, 3
111 206, 28
V11 477, 8
1111 36, 18. V1 488, 14
111 98, 26.

, 11152, 11.. 1111 16, .

111 337, 22 .
111 68, 29
1 452, 11. 1111 262,
28. V1 451, 31
V 68, 24

’ vn 480, 1

111 50, 7
111 273, 9. V11492,6
111 169, 23
11 582, 19. 111 166,
8. 207, 19. V 565,
111 100, 21
111 337, 7
111 157, 17
11 288, 19
111 102, 3-
111 166, 7
111 1, 20
V11 483, 2
V 475, 6
111 65, 4
V 483, 27
1 408, 19
111 61, 5
111 107, 14*
11 344, 8
111 179, 15
1 451, 5. 1111395, 1.
V 293, 16
1111 212, 27. V 45, 28.
173, 11. 188, 11.
V11 289, 3. 309, 32
111 62, 12
11 358, 16
111 107, 16*.V11488,
v11 475, 18
v 39, 21

625

Terentius in Eunucho
prol. 1

1 sqq.
3
5
13
17 '
20
32 ·

41

,’1

1 sq.

ἒ ,849-

5.
6

8 sqq.
14

'20

20 sq.
23

30

4 ,
51

18
22
23
23 sqq.
24
25

33
41 ¹
44

·46

51

52 ’
53 ·
64 sq.
96 sq.

98'·

’ 101

11 1,

106
11ον

1

8

13 ’
20 sq.
233 25
1 sq.
8

10
12
15

·18

V 302, 14
111 184, 15. 422, 36

vu 503, 19

1 316, 15

1111 74, 8
V 302, 22. V11461,4

1 350, 12
111 186, ι. V 39, 20.

162, 10

1 400, 6
V 57, 28. V1 43⁴, 12
111 96, 10. 218. 6.

423, 3

1 283, 21

· ·V1 434, 12. 555, 27.

559, 22
1 210, 13 ·

· ··1207, 1·

‚ .1 202, 3·
VII 488, 18
111 111, 6. 328, 20
·=1 241, 30

1 206, 5
111 196, 21

1 242, 5

1 449, 1·4.11177,20.
V11 499, 28

· 111 50, 5. V11 307, 27

VII 456, 16
111 335, 21
111 244, 4
111 52,14
1 312, 23. 1111 553,
30. Vn 497, 17
111 191, 6
111 137, 13
ΠΙῙ 149, 19
1 201,3.V11482, 16
v11 450, 12
Vn 510, 3·
111 331, 18
1Π 338, 2
181, 8. 218, 11
1 343, 7. 11 428, 7.
V 650, 23
111 348, 3
111 69, 1*
vn 482, 20
1 389,24. V11498, 29

. 1 216, 7. 111 336, 8

1 205, 1

11 94, 2; 111 339, 4
111 91, 1

111 352, 8
’111 49, 27. 85, 18.
V11 307, 25
VII 497, 8

11 401, 17

V 76, 21. 565, 22
ΙΙΙ 322, 17

