558* INDEX EXEMPLORVM CICERONIS SALLVSTII TERENTII VERGILII

Vergilius Aen. V 430 491, 28 Vergilius Aen.vn 179 508, 27
438 470, 2 205 497, 10
451 431, 25 215 455, 13
495 474, 9 290 473, 24493, 10
493 511, 23 293 509, 23
542 454, 12 299 471, 25
579 430, 17 304 511, 2
594 507, 3 319 501, 3
503 512, 3 320 471, 23
503 509, 22 350 491, 19
513 430, 8 415 513, 18
573 501, 1 422 513, 14
587 455, 7 440 471, 23
539 453, 23 451 430, 13
599 507, 21 490 452, 7
713 500, 11 501 507, 14
715 492, 27 514 513, 9
750 513, 13 552 449, 3
353 503, 29 593 492, 15

VI 3 495, 13 596 491, 22
42 486, 11 518 505, 19
83 467, 26 523 449, 15
110 505, 5 540 450, 3. 479, 17
122 431, 25 668 479, 14
131 , 475, 9 , 723 477, 15
134 473, 20 756 492, ⁷
143 455, 21 770 433, 17
203 503, 20 775 505, 9*
290 512, 25 799 493, 21

, 339 435, 14 V111 114 475, 25
351 430, 11 130 452, 19
409 497, 20 155 505, 11
423 471, 24 157 491, 2
435 501, 30 174 452, 5
450 505, 22 133 507, 13
509 513, 15 195 454, 13
553 431, 12 223 473, 30
555 501, 32 235 495, 14
595 471, 29 243 435, 17
703 430, 12 251 511, 3
743 505, 7 299 459, 13
785 473, 14 353 494, 15
737 490, 1 352 507, 9
794 505, 13 370 470, 21
313 493, 14. 507, 11 409 512, 29
315 453, 3 ,433 433, 11
333 452, 5 445 474, 11
352 470, 15 457 479, 19

vu 11 505, 15 459 510. 25
43 509, 6 430 453, 22430, 13
53 492, 22 - 577 501, 3
59 493, 17 543 491, 25
53 494, 20 549 507, 4
56 502, 26 553 501, 27
71 457, 24 553 500, 19
34 477, 14 575 450, 23
123 491, 20 591 473, 22
134 666, 30 592 459, 20
151 477, 5 723 433, 15
151 507, 10 lx 51 508, 12

155 439, 30 33 455, 3

