583

INDEX SCRIPTORVM

cicere, M. Tullius in Catil.

12,5
3,3
7

gg

10
14
15
16
16
17

..91 ..Φ ..Φ ..α ο

18
8, 10

20
21
9, 22
28
24

10, 25
27

11, 27
29

12, 80
13, 32
88

11 1,1

..0² „0- „m—
Ξ

10, 21
11, 25

1 412,11.vl1437‚21

1 227, 2. 332, 23.
v11 419, 10

1 889, 30. 232, 31

(v. add). III 315,

111 {3³0, a·
1111 23, 32. 510, 10.

553, 22. VI 443,

2. 431, 1
Vn 430, 13
V11 430, 25
111 44, 23
vll 437, 3

V 523, 23

111 243, 10. VI 433,

33 7
ΠΙ 437, 33
IIII 442, 15. 517, 33.
V 77, 6. 273, 20.
VII 354, 27
ΠΙ 288, 4
Ι 388, 25. ΠΙ 330, 11
111 295, 1
ΙΙΙ 32, 8
Π 379, 1.ΙΙΙ 274, 12.
VH 420, 24. 499, 15
ΠΙ 82, 19
I 220, 20. 332, 11.
VII 419, 4
V11 473, 10
Ι 226, 24. 392, 16.
Vll 419, 17
III 246, 12
VII 481, 7
ΙΙΙ 290, 20

111 82, 20. Vl 442,
27. Vll 434, 2
vn 453, 8
1111 124, 22
1 228, 17. 894, 22.
vn 421, 19
1111 533, 14. VI 455,ss
1 330, 1
111 207, 9. 249, 17.
275, 11
1 223, 30. 332, 22.
898, 18. 111 243,
24. vn 419, 12.
420, 12
1 470, 0
111 243, 15
111 313, 2
V11 433, 15
1 819, 25. 11 503, 2.
111231,13. 237,15.
333, 27. VH 498, 8

Π 598, 8
VI 443, 3
VII 503, 13

11 12, 27

111 2, 5
5, 12
0, 14
7, 10
8, 19
9, 21

10, 24

12, 27
1111 1, 2
3, 6

3, 11

12

13

7, 14
10, 21

pro Murena.
3, 17

9, 19

20

12, 20

18, 28

’ 14, 31
23, 31

23, -58

35, 78

33, 77

37, 73

41, 30
pro Sulla.
30, 83

pro Flacco
8, 19

20, 47

de domo eun.

5, 11
10, 23
14, 87
28, 00
41, 107
52, 133

134

pro Sestio
3, 7
3, 19

12, 29
18,- 80
15, 84
18, 41
20, 45

Cicero, M. Tullius in catil.

VI 445, 15. 487, 13.
Vll 431, 20
VII 482, 7. 511, 8
V 294, 12
ΠΙ 237, 23
VH 451, 6
VII 497, 5
VH 473, 9
III 87, 21. 277, 11.
Vll 449, 19
ΙΙΙ 61, 1316. 84, 17.
96, 9. Vll 431, 1
I 399, 23
ll 583, 18
ΙΙΙΙ 141, 36. 186, 1
Vll 351, 5
111 304, 17. VH 486,
21; 25
II 250, 3. HII 20, 5.
V 418, 11. VII
285, 12
I 470, 24
1228, 32. 395, 7.
VH 422, 3
I 32, 5
11 333, 20
Π 491, 18
ΙΙ 381, 14 ·
ΙΙΙ 283, 7. 302, 6. Vn
481, 27. 499, 20
VI 446, 8
ΠΙ 74, 21
II 221, 3
vll 479, 2
ΙΙ 307, 16
H 592, 2
VII 464, 14
II 343, 14

VII 453, 1

VII 453, 23
Vn 433, 22
VH 435, 10

VII 509, 4

V 303, 17
Vn 273, 27
VH 450, 22
vn 434, 8
VII 504, 5
VII 433, 80

V 324, 31. 045, 80

1111 13, 17. 30, 27. vl
432, 3
11 345, 3
V11 470, 11
Ι 209, 4
VII 433, 4
11 353, 5

