648

INDEX SCRIPTORVM

Vergilius Aeneidos

111 1 sqq. 111 190, 12

2 1 257, 12. 1111 894,
10. 497, 35. 554,4

3 1111 224,10. V1 450, 4

4 Vl 120, 20

5 1111 528, 18. V11 288,

5 sq 1 418, 5

9 11 471, 29

11 Vl 118, 10. 890,2187

12 V 887, 84

18 V 845, 81. Vn 508,

14 1 82, 27. Vl 201, 8

17 V1 28, 18

18 V11 494, 22

20 V 556, 24

22 1111 248, 19. 479, 22.
V 52, 29

22 oq. 111 87, 24

27 1 228, 28

29 11 310, 13. V 45, 9.
188, 9

81 111 78, 8

82 111 502, 30

35 Vn 498, 21

35 V 478, 1. v11 510,

37 1 222, 1

88 V 59, 12

89 111 101, 10. 249, 19

42 1111 558, 27. V11 501,

42 sq. 111 841, 9

43 Vl 510, 18. 518, 7

44 IllI 185, 25. VI 487,

45 ¹ 111 158, 7

47 11 841, 12

48 1111259, 10. V 285,
80. 297, 28

51 V11 488, 5

55 Ι 319, 26

55 sq. 11 502, 17

58 1 84, 1

58 sq. 111 433, 9

57 1 310, 18. 437, 8.V
585, 18. V11 119,
14. 292, 4

63 V 481, 17

71 1111 255, 2

78 V 500, 26

74 VI 508, 8

77 1 495, 13, VI 292,
5. 297, 32. 299,

80 V1 488, 12

81 1 135, 10

83 1111 288, 15

85 Vl 455, 32

Vergilius Aeneidos

III 87
88

91

104
106
108
109
110
116
122
123
125
127
184
185
142
144
145
147

182
179
182
183
186
190
194
202
208

208
21 1

212
212

219
221
225
229
232
236

1 58, 21. V 48, 28
V 523, 35. Vn 880,
Ι 18, 9. 185, 28. 488,
23. 1111 257, 13.
Vl 30, 7
. V 255, 2
1111 545, 8
1 84, 24. 11224, 17
V11 498, 10
VII 477, 5
V 517, 14. 538, 15
V 889, 25
V11 514, 14
1111 31, 9
1111 231, 9
V 824, 32. 545, 38
VI 287, 12*
1111 225, 27
V 500, 25
1Π1 248, 28. V 40, 3
1 12, 20. 1111 535,
18. Vl 29, 81. 587,

V 85, 1. 254, 15
11 285, 21. VI 87, 20
V 808, 80
Vt 459, 1
1111 233, 14
vl 445, 8
1 828, 15
1111 25, 12
V 558, 18. V11 455,

sq. 11 859, 8. 111 381, 1
1 18, 81. 14, 25. 429,
14. Il 192, 19*.
1111 258, 11. 359,
10*. 400, 21. 424,
30. 479, 18. V 29,
30. 115, 18. 118,
32 307, 26. 399,
9. v1 27. 15. 80,
21. 38,15; 25. 88,
4 72, 25. 280,1‚8.
242, 13. 874, 1854.
454, 20. 587, 19.
V11282, 9. 254, 8

1111 257, 15. Vl 30, 9
sq. 1 13, 12. 324, 2. 535,
sq. 11 858, 4
11 198, 11. 292, 9
1111 255, 3
V 589, 1. V1448,18
111 78, 5

111 94, 2. 115,15. 888,
7. 888, 24. 500,
12. 1111 21, 4

 

 

