Terentius in Eunucho

V 1, 12 VI 445, 16
21 ΙΙΙ 189, 5
23 1 195, 30
2, 1 1 118, 3
5 711 482, 15
13 711 431, 21
44 711 488, 23
45 III 228, 30
3, 2 711 119, 18
10 sq. 111 244, 21
4, 1 111 325, 13
20 711 480, 2
23 111 294, 12. 303, 3.
VII 482, 18
5, 1 1 142, 18
3 V 450, 29
5 11 378, 25. 111 274,
10. 711 499, 13
16 sq. 111 73, 5
3, 1 sqq. ΙΙ 197, 21
3 111 7, 13
19 VII 487, 24
8, 2 ΙΙΙ 340, 8
3 711 510, 15*
20 711 499, 19
in Heautontimorumeno
prol. 1 sq. 111 423, 6
13 · 711 501, 21
19 , 7 337, 32
23 sq. 11 308, 12
41 711 479, 3
1 1, 1 VI 445, 5
10 7Π 495, 18
15 sqq. ΙΙ 400, 1
31 71 447, 8
41 V1 438, 23
47 sq. Ι 403, 29
50 71 205, 2
60 Vll 458, 24
72 1 378, 27
81 Ι 313, 13. 711514,5
89 1111 19, 17
2, 8 sq. H 344, 10
20 II 360, 12
35 71 459, 2
11 1, 13 711 510, 13
14 sq. 1 218, 2
13 71 431, 21
2, 10 7 250, 32
3’ 9 ⁸2· 711 {g} ῗ3
ἱ
16 VII 482, 16
30 III 7, 14. VII 497, 4
30 sq. I[ 197, 18
44 sqq. Π 268,· 11. 368, 1
43 Ι 54, 31. 111125, 32.
7 555, 7. 71 473,21
50 111 29, 28
30 711 455, 9
34 711 434, 2

INDEX SCRIPTORVM

11 3, 77
101
103
107
119
4, 2
19
111 1, 28
51

102

2, 3
14

3, 40

1111 1, 1

6

2, 6
3, 21
39

4, 5
18

5, 3
17
21

6, 9
18
20
24

8, 2 sq.

82

V 1, 57

2, 8

41

43
3, 7
4, 4
5, 21

in Hecyra. (?)

prol. 1
21

I 1, 1
8

2, 1

4

46

63 sq.

64
66
94
100
102
104
114
1 19

120 sq.

111,2

6 1
· 30
2,1

Terentius in Heautonffimorumeno

711 504, 18
711 434, 4
ΙΙΙ 81, 6
71 413, 2
111 39, 1*
711 508, 7
711 489, 1
711 430, 3

Ι--370, 3. 11 529, 23.

1111 34, 21
711 432, 3
71 445, 4
711 438, 14
711 494, 10
VI 445, 23
11 400, 20
711 438, 15
711 77,17
111 29, 28
711 500, 23
7 471, 17
11 593, 15
1 389, 12
11 428, 5
11 402, 3
7 318, 17
11 401, 22
1 339, 29
11 500, 3
711 510, 4
711 509, 17

111 49, 9. 298, 7. 309,
13. 351, 20

11 590, 18
71 199, 10

1 195, 30 aad.

ΙΙ 355, 6
11 247, 10
1 223, 11
711 494, 18

' VII 507, 1

111 423, 13

7 52, 11. 207, 28

711 420, 1
1 207, 8

VII 487, 30

11484, 18
711 457, 2
1 389, -8
711 472, 23
711 541, 25
ΙΙ 104, 14
7 58, 13

7 324, 37. 343, 4

711 502, 22

1 390, 1
VH 508, 9
711 434, 20
711 453, 2
71 445, 9

627

