INDEX SCRIPTORVM

018810, Μ. Tullius in Verr.
act.sec.11118, 5 VII 506, 28

11, 25
26
12, 28

29
14, 32

17, 34

37
20, 42

43
21, 47
22, 48
24, 53
25, 56
34, 75
38, 83
45, 99

46, 102

48, 87

50, 110
112
52, 117
56, 124
66, 144
147

111,2
1,3

6
10
12
15
17
9, 23
11, 27
17, 44
18, 45
22, 56
57

:Q ν,65 J! §ab

58
26, 16

33, 199
34, 893 91
88, 100
41, 107
42, 108
45, 117
118
47, 124
50, 132
52, 137
138
62, 160

pro Caecina

9, 24
21, 61

1 470, 9 (υ. aad.)
11 526, 20. v11458, 16
11 357, 4. 1111435, ’.13
11 4’7, 31 197,17
VH 460, ’15
11495,18. V11 116,
15. ’117‚ 17
11 357, 6
1111 435, 13
11 114, 20
V 578, 6
11 105, 1
1 209, 4
1 209, 4. v 243, 16
1111 471. 21
vll 124, 20
11 215, 4

110023.11157,11”

11 850', 15
11339, 4
111369,12
1111475, 8. 477,17
V 397, 24. 1111514, 20
V11 124, 23 V11461, 8
1111457,19
1111 117, 18
11 295, 8
V 523, 33. VII 456,
VII 464, 20
V11 457, 27
1111 467, 28
11-220, 18
V11 487, 3
1111 450, 30
1111475, 12
1446,7. 11114836
11344, 7
Vn 470, 7
111 338, 17
V11 466, 14
1111 116,11
1111454,15
V 12,16
VII 470, 1*
V 52, ’.12 207, 31
11 22’,1 2 ·
1Π1 518210.V11485,2
1 466,' 24
111 352, 20
111 107, 18*
11 850216
11 355, 9 (υ. add.)
V 65,1

II 350, 17
V 495, 12

de imperio Gn. Pomp.

3,8

VH 512, 19

587 ’

Cicero, Μ. Tulliu8 de unperio Gn. Pomp.

6,16 V11474‚4
7:19 VH 47921
8, 21 1111 497, 2
9, 23 1111 468, 6*
12, 35 1111 511, 20*
17, 52 Π 489, 12
pro Cluentio
1, 1 1 467, 9. 468, 9
1, 2 1 470, 23
3, 8 11Π 452, 24 ·
5, 12 1111 267, 23. 494, 2
13 V11 504, 12
14 1111 495, 21
6, 15 1 444, 8
9, 27 1111 455, 27
28 VII 455, 1
10, 80 1111 116, 20
13, 86 V11 452, 26
38 V11 506, 1
14, 41 1111 452, 14. 457, 12
15, 45 1111 479, 7
16, 46 11 348, 20
23, 63 Vll 468, 6*
25, 68 VII 460, 11
26, 71 V11 511, 7
27, 74 11 307, 18 (υ. add.)
28, 76 1111 212, 24
84, 94 11 280, 8
86, 101 1111 454, 1
88, 105 11 105, 5
107 V11 500, 1
44, 124 11 393, 6
57, 158 Π 377, 5
61, 171 1111 492, 23
62, 173 Π 520, 2. 522, 24
64, 180 111 113,18
181 VH 466, 1
65, 184 Ill 216, 25. VH 449, 7
66, 188 1111 457, 8
68, 194 VII 496, 4
70, 199 11 206,14
201 VH 496, 4
71, 201 1 551, 4
202 VH 490,15

Kalendis Ianuariis de lege agraria I

95, 20

de lege agraria. I 146, 32
pro Rabirio perduellionis reo I 211, 20

iu Catil. I 1,1

1444,

16. 453, 11.

Π 410, 11. 411, 7.

425,
139,
320,

26. ΠΙ 89,1.
9. 233, 28.
14. 363,17

IV 484, 32. V188,
15. 282, 12. VI
573, 20.V11451, 1
Ι470,12. Ι1189,7.
V 299, 29. 300, 16
ΙΠ 82,12.109,11.

157,

38*

15

