612 INDEX SCRIPTORVM

Plato lon.
, 1 p. 530 G 111 360, 17
legg.
vm 8 p. 666 A ΙΙΙ 291, 14
xll 2 p. 944 E 111 291, 14
4 p. 949 A III 313, 15
Lysid.
5 p. 209 E 111 253, 1
5 p. 210 A 111 353,
6 p. 211 Β 111 353,
Menex.
2 ρ. 235 Β 111 347,
7 p. 237 Ε 111 362,
Menon.
12 p. 79 A 111 330,
41 40· 99 Β 111 317,
Phaedon.
1, 1 p. 57 A 111 349, 7
45, 104 p. 96 Ε 111 371, 12
Phaedr.
10 p. 234 Ε 111 376, 12
22 p. 245 A V1 159, 26
35 p. 254 A 111 311, 16
Politia.
. 44 p. 306 G 111 344, 13
Protag.
2, 4 p. 310 G 111 263, 3.301,17
10, 29 p. 320 C Ill 374, 2
Rei publ.
1 5 p. 330 D ΙΙΙ 303, 13
10 p. 336 D ΙΙΙ 366, 8
24 p. 354 Β 111 299, 10
11 3 ῃ. 360 Β 111 299, 11
111 7 p. 394 0 111 324, 5
p. 394 E 111 304, 15
,9 p. 397 D III 348, 21
17 p. 410 1) 111 316, 16
X 2 p. 596 A 111 350, 16
Theag.
T· 9 p. 127 D III 263, 9
1111.

⁶4oe ΗΜ 20:³¹

p. 16 B III 172, 13

p. 31 (J ΙΙΙ 337, 5

11- 46 111 476, 14

Plautusl 66, 22. 79, 13. 104, 2. 195,12.

197, 13 201, 22. 211, 7*. 242, 10.
282, 13*. 368. 25. 456, 25. 616, 8.
11 293, 19. 357, 6. 111 71, 1. 413, 2.
1111 7, 9. 20, 3. 33, 17, 32. 400, 13.
435, 32. 441, 3. 502, 5. 533, 27. 545,
13. 543, 2. 562, 22. 565, 14. V
59, 22. 74, 13. 153, 16. 240, 24.
307, 10. 326, 26. 421, 22. 436, 16. 71
79, 4. 136, 26. 234, 4*. 472, 43 26.
490, 20. 555, 10, 21. 556, 13, 22. 557,
16. 668, 7. 669, 16. 660, 8. 666, 1
111 Caeco vel in praedonibus I 1119,
31. 202, 30. 209, 24. 211, 27, 32. 219,
9; 16. 240, 3
111 Praedonibus vel in Caeco Ι 212, 20
111 Caeco I 220, 21

Plautus in Carbonaria 11 516, 11
111 Commorientibne 11 280, 17
111 Cornicula Ι 383, 15
111 Feneratrice 1 401, 4
in Frivolaria 1 193, 15 (v. add.) 196,
9. 11 166, 25. 271. 2
111 Lenonibus geminis ΙΙ 231, 21
111 Lipargo ΙΙ 522, 14
111 Medico ΙΙ 489, 17
111 Vidnlaria Ι 16, 13*. ΙΙ 123, 27.
152, 3. 192, 13*. 224, 1; 6. 226, 14.
300, 5. 317, 22. 526, 21. 111 7, 25.

59, 1*

111 Amphitrione 11 168, 9 (υ. add). 321,
2. 564, 16 (v. aad.)

Amphitryon.
prol. 1 sqq.

116 sq.

117

1 1, 1 sqq.
8
9
10
13
77
167
158
3, 15
19
Π 1, 4
75
84
2, 133
213
ΙΙΙ 2, 5
19
V 1, 66

Asinar.
l 1, 28
3, 69
1111 1, 1 sqq.
V 2, 9
Aulular.
prol. 2
1 1, 19
28
11 1, 46
4, 8
4, 25 sq.
8, 15
111 6, 2
19 sq.
30
1111 6, 1

9, 11 sq.
10, 70

111 421, 26
11 199, 17
1 53,15.144,19.1111
6, 32. 7 197, 15.
vl.471, 10
111 422, 3
111 422, 12
111 422, 13
1 214, 6.111422,14
111 422, 16
1 203, 27
VI 491, 3
1 221, 9
111 59, 9*
11 257, 7
111 59, 9*
1 221, 6. 111 59, 9*
111 59, 9*
111 59, 9*
1 201, 9
1 196, 24. 11159,9*
ΙΙΙ 59, 10*
11 560, 16
111 59, 10*

11 90, 23
111 53, 1*
ΙΙ 60, 7

11 560, 19

Π 223, 15. 111115‚ 7
111 58, 1*
111 58, 2*
III 9, 2
ΙΙΙ 58, 2*
ll 155, 8
11 104, 1
1 169, 27
11 210, 3
11 50, 12
1 55,13 70, nm.
add.)
11 258, 17
1[ 38, 2

