654

INDEX SCRIPTORVM

Vergilius Aeneidos

V 426
428
429
430
432

“ 487
488
441
449
451

456

458
459
460
463
467
47 5
480
48 1
485
492
495
498
500
500
501
504
52 1

sq.

529
531
535

sq.

536
541
542

546

547
564 &q-
57 9
585
588
589

594
603
608
618
623
629

638
643

7 508, 21
71 88, 1
711 489, 81
711 491, 28
11 105, 8*. 1111257,
29. 71222, 5. 847,
1111 252, 1
111 818,10.711470,2
11 548, 25
111 78, 7
1111 488, 25. V 12. 5.
188, 84 711 481,
1 542, 2. 11 245, 7.
V1 458, 5
71 455, 5
VI 511, 19
1111 527, 1
11 245, 9
III 57, 4
1 133, 5
711 177, 9
7 25, 18. 71 72, 7
711 100, 8. 808, 2
1 131, 84
V11 474, 9
VII 511, 23
711 807, 21
111 49, 18. 821, 21
111 91, 15
1111 250, 5; 23
1 429, 28. 71 219,
111 851, 4
1 57, 19
71 525, 2
711 415, 18
VI 463, 10
1 258, 25. 711 454,
1 70, 24. 141, 4. 11
249, 21. 1111 20,
4. 711 285, 11
1111 526, 29
11 288, 5
711 480. 17
71 497, 18
7 519, 15

1 13, 15. 1111 257,

20. 71 80, 11
711 507, 8
7Π 512, 8
711 509, 22
711 480, 8
71 447, 10
71511, 1. 711 251,
V 878, 15
711 48, 17

Vergilius Aeneidos

V 645
646
650

663

674
678
679
687
689
691

699
713
716
720
735
739
744
750
757
768
783
787
798
799
801 sq.
806
807
808 sq.
814
820 sq.
822
823
827 sq.
830
839
841
846

850

853

855

862

866
VI 1

1 3 2

3

12
13
17
20

20 sq.
26

IIII 223
1111 223
I 269
16

I 275

IIII

, 22
, 14
,22 111 208,

, 9. 450, 29.
257, 27. 420,

9. 448, 5. V 74,

15.

31

VI 497
VII 501
V 402
ΙΠΙ 253

270, 18. 279,

, 18
, 1

, 80

,82 711455,7

711 458, 28

VI 444
V11 507

, 29. 711 423,
, 21

711 500, 11
711 492, 27

1111 253
IIII 528

,17
,28

71 445, 24

II 223
Vll 513
VI·453
IIII 225
ΙΠΙ 210
VI 455
III 97,

I 459

Π 396

V 45,

V 523

11 66,

V 106

II 515
ῙΙΠ 493

I 323
ΙΠ 139

V 632
VII 163
1111 497

II 579

291,

11 285,
V11 508,
V 508,
1 219,
7 808,

ΙΙΙ 484

VI 120,

384

Vll 496
VI 461
111 303
VI 514
Ι 92,

, 13. IIII 15, 7
, 13

, 12

, 35

, 19

, 14

13

, 7

, 2

16. 185, 21

, 3

17

, 22ς 34

, 11

, 17

, 25

, 14

, 5

, 9. 300, 5

‚ 34

, 5.111203, 13.
16

29

27

12

31

, 10

18. 155, 17.
, 1951

, 13

, 1

, 21

, 13

9. IIII 227, 33.

7 551, 17

11 54,
11 297

15
,5

