 

INDEX SCRIPTORVM

Vergilius Aeneidos

ΠΙ 237

238
243
243 eq.
256
257
263

268
270

271
272
277
279
281
282
292
295
297
300
310 sqq.
312
315
317
319

326
327
328
330
340
341
343
354

355
359

359 sq.
360
361
363
374
382
384

VI 466, 11. 711 120,
21. 277, 29
1111 252, 23
11 335, 9
11 359, 26
vl 433, 19
1 387, 8. 11 522, 22
11 485, 12. 519, 23.
111 504, 30
1111 230, 19
1 430, 7. 1111 339,
12*. 423, 6. 425,
3. 479, 24. V 28,
14. 30, 3. 111, 5.
119, 22. 399, 25.
VI 230, 24. 242,
19. vn 230, 10
1111 220, 20
111 301, 21
vl 468, 3
vu 490, 20
711 471, 19
v 347, 23
1111 227, 35
1111 229, 13
1111 229, 13
vn 502, 23
111 235, 25
1111 224, 34
111 233, 5
711 434, 10
111 101, 16. 235, 23.
433, 20. 71 315, 2
11 73,15.1111211, 13
1 71, 13
1 323, 23

κ v1 446, 23

vl 454, 13
1 103, 2
1111 533, 23
-1 19, 1. 440, 15. 442,
14. 538, 27. 11 37.
17. 234, 22. 111
112, 20. 1111 233,
23. 543, 4 7 297,
33. 555, 4. Vl 449,
2. v11 13, 9. 57,
ῐΙ 545, 24
1111 397,16. v 300, 21.
VI 450, 24
1280, 11. 444, 11
1 22, 7. 54099
v 399, 12
1 34, 2
1 423, 13
1111 233, 21
1 343, 21.11146,14.
1111 149, 32. vll
353, 23

GWA'I' 101 burun vl 1.

649

Vergilius Aeneidos

III 386
389
391
393
398
399

409

416
427

428
431

434
435

436
437
443
444
447
454
’ 460
464

466
475

476
477
489

492
496
507
508
515
517

527

534
536
537
538
539

549
550

551
556

71 448, 18
1111 149, 13
Ι 375, 11
7 33, 7
711 477, 7
1111 155, 1. 558, 15. V
518, 9
Ι 278, 10. 1111 232,
711 100, 5, 308, 1
Ι 70, 5. 140, 22. ΙΙΙ
292, 13. 343, 14.
354, 25. V11512, 1
V 558, 27
Ι 412, 3. 413, 10. 7
33, 12. 711 415, 7
711 478, 17
Ι 414, 30. 711 283,
8. 417, 8
711 253, 31
1 549, 26
VH 543, 24
1111 535, 23
ΙΙΙΙ 233, 11
Vl 445, 5
11 387, 14
1111 424, 27. 479, 13.
V 118, 24
1111 527, 2
11 288, 14. V 401, 5.
711 433, 23
11 303, 13
111 153, 9
1 414, 4. 11131, 13.
33, 2. 110, 28. 312,
25. 1111 143, 24.
711353,20.413,20
1111 128, 1. 557, 19
1111 264, 4
71 503, 14
1111 106, 36
V 591, 16
1111 259, 17. V 389,
10. 71 29, 6. 220,
21. 503, 3
11 333, 7. 1111 365,
31. 390, 38
VH 75, 8
711 505, 18
Ι 412, 17
Ι 457, 10
1 100, 21.11 157, 3.
317, 1. 343, 6. 1111
83, 8. V 502, 10
1 489, 14. 71 72, 3;
9. 632, 6
Π 292, 7
1111 259, 33
Ι 420, 23. 71 189,
15. 711 323, 10

42

