552 INDEX EXEMPLORVM CICERONIS SALLVSTII TERENTII VERGILII

Cic. pro Cluentio 81, 171

in Catil.

84, 181
85, 184
88, 188
88, 194
70, 201
71, 202
1 1, 1
2, 5
5, 10
8, 14
8, 16
9, 24
11, 27
13, 32

111,1

1, 2
8, 18
9, 19
11, 25
12, 27

1112,5

6, 14
7, 16
8, 19
9, 21
10, 24

IV 6, 12

pro Murena

pro Sulla
pro Flacco

de domo sua

pro Sestio

pro Caelio

in Pisonem

12, 28
26, 63
37, 79
30, 83

8, 19
20, 47
5, 11
28, 80
41, 107
52, 133
62, 134
13, 30
18, 41
45, 97
88, 142
5, 11
13, 32
19, 47
20, 50
24, 69
29, 69

1, 1
3, 6
6, 11
6, 13
7, 18
10, 23
11, 26
14, 88
16, 34

16, 37

492, 23 Cic. in Pisonem 21, 50
488, 1 28, 63
449, 7 29, 72
467, 3 41, 99
457, 10 pro Plancio ὅ, 13
496, 4 7, 17
490, 16 19, 47
461, 1 20, 50
487, 21 88, 80
490, 18 84, 88
480, 25 pro Milone 19, 49
487, 9 20, 54
499, 15 21, 58
478, 10 22, 69
481, 7 36, 99
494, 4 pro Marcello 3, 8
456, 8 pro Ligario 2, 4
466, 15 4, 10
498, 8 6, 14
509, 19 6, 16
461, ²⁰ pro Deiotaro 1, 3
482, 7. 511, 8 2, 6
451, 6 4, 12
497, ⁶ 8, 17
4⁷8. 9 10, 28
449, 19 11, 30
491, 1 11, 31
486, 21, 25 13, 36
481,27.499,20 Philipp. 1 2, 8
479, 2 3, 7
464, 14 3, 8
468, 1 7, 16
468, 26 7, 17
493, 22 8, 20
466, 10 9, 23
609, 4 10, 26
460, 22 10, 26
484, 3 11, 23
604, 6 11 2, 8
483, 30 ὅ, 11
470, 11 7, 1⁶
499, 4 8, 20
475, 28 12, 30
499, 9 ⁴ 23, 66
608, 3 26, 63
476, 3 34, 87
466, 14 111 1, 1
495, 26 IV 6, 12
437, 26 V 4, 12
606, 5 11, 28
499, 11 IX 1, 1
504, 16 Χ 2, 18
602, 6 XI 2, ⁵
501, 28 XII 7, 1⁶
491, 8 XIII 11, 24
477, 1. 432, 8 · XVI (2)
460, 1 XVII (8)
463, 18. 477,23 pro Cornelio

470, 28 ·

498, 19

462, 9

602, 2

483, 20

487, 17 ,
467, 6. 463, 9
611, 13, 20
479, 3

611, 10

462, 21

481, 12

511, 12

611, 24

467, 7

477, 22

498 20

497} 12

512, 17

489, 28

463, 9

472, 3

474, 26493, 21
471, 17

466, 18. 496,6
461, 13

467, 6

463, 1

473, 6

463, 21

612, 2

464, 4488, 24
499, 26

606, 23

487, 14

454, 2

499, 8

489, 3. 481, 1
614, 11

437, 16

488, 22

613, 4

491, 26

468, 4

466, 1

472, 9. 477,13
488, 28.489,27
475,22,482,1
488, 81

458, 21

479, 4

461, 16

449, 18

464, 11 ’
604, 17*

464, 14

461, 26

466, 8

487, 16

467, 16

463, 20. 462, 1.
497, 11 ·

1 463,18.466.26.
469,9. 466, 10.

