662

INDEX SCRIPTORVM

ve 111ιέ Aeneidos

111 375 1 222, 12

373 111 330, 4

383 ἾῙ 575, 12

333 711 433, 22

333 7Π 542, 1

333 111 314, 3

401 711 502, 10

403 111 104, 23

405 711 433, 20

413 ΠΙ 504, 36

418 Ι 34, 8. III 183, 12.
315, 13. 317, 20

427 111 103, 7. 1111 232,
27. 333, 14. V 303,
10. 71 453, 13

427 sq. I 281, 23. 446, 11

430 1111 451, 22. 71 242,
25. 711 233, 23

435 1111 213, 13

447 11 315, 1

430 V 303, 21

433 sq. 11 345, 13

474 Ι 434, 23

477 399. III 195, 13

473 71 353, 1103

431 1 233, 24

435 1 413, 17. 711 423,

437 1111 553, 13

503 1 433, 25. 71 75, 3.
113, 1. 117, 15.
122, 32. 125, 23.
213, 3. 253, 22.
233, 25. 234, 13.
330, 1355. 444, 23.
501,12. 502,26.
504,2.511,5.533,
23. 533, 20. 333,
3711 253, 7. 340,5

503 71 353, 1103

511 711 452, 3

513 'V 523,16

’514 111 55, 3. 1111 331,
4. V 277, 7. Vn
508, 25

525 II 290, 7. 424, 6. IIII
533, 25. V1 123,
11. 450, 2

537 11520, 3. 522, 20.
711 477, 13

533 711 503, 3

550 1111 534, 24*

557 sq. 11 303, 5

559 1 131, 4

530 V 500, 23

531 711 510, 15

588 39. lI 517, 14

593 V 35, 6. 140, 35. VII
434, 15

535 1111 253, 3

Ver 'lius Aeneidos

Ι Π 598
600
602
605
609

609 39.

610

610 39.

619
624
627
631
634
641

347 sq.

553

553 39.
656 39.

661

661 39.

668
674
676
677
679
680
685
699
709
716
723
725
730
742
744
762
763
767
769
770
773
774

774 39.

775
777
785
796
809
814
815

815 39.

39.

39.

1111 245, 5
71 443, 1
111 341, 12
711 434, 12
111 301, 3. 343, 5. 1111
333, 3*. V 23, 22.
235, 4. 71 454,
13. 711 311, 17
1 271, 24. 377, 23
1111 335, 13. 424, 15.
473, 2. 7 110,24.
117, 13. 333, 20.
71 23, 2. 711231,
3. 333. 15. 533,3
1 14, 3. 430, 20. 451,
7 40, 27
7 23, 10
7 573, 21
1 343, 3
711 473, 21
7 173, 14. 133, 13
III 302, 3
1111 243, 25
11 55, 3. 233, 11. 111
432, 3
1 377, 3
711 450, 10
111 215, 13
1111 235, 24
7 30, 14
711 474, 23
1 234, 32
1 434, 7
111 31, 23
111 213, 11
V 523, 7. 571, 4
7 40, 21
11 237, 13
Ι 91, 9
,1 375, 3
11 323, 3
1111 247, 13. 251, 24
1 375, 4 ·
11 323, 1
1 71, 23. 145, 5
1 443, 1. 111 93, 23
1 375, 1
711 53, 12. 135, 3
1111 134,10.711311,31
711 450, 13
11 233, 3
71 504, 13
1111 250, 32
11 31, 1
711 501, 24
7 303, 11
1111 224, 25
711 433, 4
111 353, 13

