 

INDEX SCRIPTORVM

Vergilius Aeneidos

VI 27

30 sq.

33

34
37
42
45
52
53
56

58 sq.
62
71
72
76
82
83
86
90
95
103
104
110
1 12
114
1 16

119

11 289, 12. 310, 4
111 247, 11
VI 212, 23. V11 339,
V11 28, 9
ΠΙ 143, 6
Vn 488, 11
V 842, 22
1111 226, 18
1111 228, 27
1 8, 10. m1221,20.
258, 24. VI 217,
111 32, 4
111 288, 13
Ι 314, 27
1111 232, 18. 248, 18
1 342, 23
111 34, 14. 389, 22
V11 487, 28
1 447, 9
111 484, 30
111 60, 16
V 390, 31
V11 328, 14
VII 606, 6
1111 233, 5
V 78, 27
1111 282, 26. VI 451,
Ι 227, 8. 493, 4. V11
419, 22

1193121sq. 111 246, 17

120
121

1 70, 1. 1111 21, 24
1111 227, 12

122 V 366, 22. VII 481,
131 VII 478, 9

134 V11 478, 20

142 1111 234, 30

143 Vn 466, 21

147 1 393, 2

163 1 464, 18

164 1111 222, 9

159 1111 232, 3

181 sq. 111 249, 13

185 11 476, 16

166 1111 228, 31

179 Ι 14,1.253,23. 399,

8. 111231, 14. 1111
385, 31. 390, 27.
V 108, 20. 115,
18. 848, 21. VI
339, 481. Vn 234,
25. 388, 10

187 sq. 111 88, 6. 240, 11. 243,

201
· 202
203

3. 289, 17
1 455, 20
1111 626, 29
1 411, 1. 413, 34.

655

Vergilius Aeneidos

VI 203

204
206
219

225
236
244
248
252
255
265

266
268
270
270 sq.
274
275
280 8q.
289
290
296
297
298
300
302
303
304

307
324
331
333
334
339
343
347
350
351

357
372
373
375
379
383
388
393
400
401

111 55, 5. 373, 14. 1111
391, 2. 518, 20.
V 24, 33. 523, 13.
V1 428, 31. V11
508, 20
111 509, 31
V1 591, 17
1 417, 23. 1111 184,
4. V 521, 18. V11
422, 28
V1 220, 11
1 213, 22
ΙΙ 394, 18
1111 542, 23. V 575, 20
111 320, 2
1 238, 9
1111 228, 23. Vl 616,
8. 633, 3
1111 225, 15
111 54, 10
1111 584, 20
111 64, 12
111 480, 1
V1 458, 27. 483, 19
11 384, 19
ΙΙ 236, 8. V1220,10
V11 512, 25
Vn 544, 39
VII 544, 40
V11544, 41
VH 544, 42
Π 680, 6
VII 544, 43
Ι 326, 7. 11 92, 13.
1111 374, 32. V
155, 15. 342, 34
11 308, 21
111 331, 18
Ι 67, 16
1111 248, 23. V 842, 1
11 327, 21
VII 485, 14
1111 232, 21. 236, 14
VI 445, 7
11 471, 27
1 282, 23. 402, 21.
111 331, 20. V11
480, 11
111 351, 18
111 319, 23
V11 542, 3
1111 253, 30
V11 542, 3
Vn 542, 2
V1 828, 13. V1149,2
V 583, 3
Π 329, 19
VII 542, 12

405 sqq. 111 99, 22

406

1 451, 7. V11542, 13

