INDEX SCRIPTORVM

Vergilius Aeneidos

1 232 1 453, 23

233 1 393, 11

235 VI 214, 13

233 1 453, 14

288 V 35, 11

295 v 24, 33. Vl 428, 30.
V11 355, 21. 503,

300 1 280, 10

303 vl 447, 17

304 V11 542, 8

305 sqq. 111 258, 10

303 V11 542, 9

308 1 433, 29. Vll 121,

310 V 539, 1

312 11 243, 11. 290, 14.
349, 5. 1111 125,

315 VI 434, 20

315 sq. 111 433, 23

317 11 402, 18

320 1 440,18.11382,17.
111 220, 9. 303,
23. 351,

321 1111 440, 5. v 251, 27

321 sq. 111 197, 10

323 Πῐ 182, 13

328 VI 214, 14

327 sq. 111 248, 3

328 11 208, 20

329 111 101, 12

334 1 289, 8

335 V11 433, 25

338 111· 375, 18

338 V 588, 23

341 VI 475, 21

342 VI 433, 31

343 1 483, 13.V 158,18

343 sq. 111 218, 3. 221, 14

344 V11 542, 21 .

347 11 88, 8. 111 155, 27.
325, 11

350 11151, 18. 1111 558,
12, V11 542, 20

352 1 450, 29. 1111 571,

353 1 225, 11. 415, 22

358 Vn 542, 22

357 V11 542, 19

389 111 204, 19

372 1111 219, 23. 229, 22

372 sq. 111 153, 14

373 111 229, 23

377 11 188, 7. vn 450,5

378 111 151, 12

379 111373, 18. V 355,
18. VI 87, 24

335 VII 504, 10

393 111 353, 10 ·

643

Vergilius Aeneidos
I 393 sqq. V1 45⁷, 9
395 sq. VI 407, 2774

399

400
407
414

417
423
430

432
434

436
437

440
441
447
453

455
455
458

459
431
463
465
466
475
478

sqq

1 70, 7. 140, 20274,
22. 459, 30. 1111
400, 28. V 307, 38
v 441, 4
1111 250, 18

1 418, 22. V11 423,
1111 29, 27. Vl 430, 23
Vl 493, ’5

1 32, 13. 484, 2. 1111
535, 14

V 534, 11

1 418, 27.V535, 13.
V11 423, 27

11 444, 1. 478, 11

V 534, 12. Vl 109,
12. 377,
447, 9

VH 431, 1

v 533„1

vn 498, 23·

1413, 8. vu 288,
22. 413, 1

11 354, 23. 381, 8

1750.

sq. 111 290, 15

111 308, 2. V 29, 17.
vl 217, 21. 230,
8*. vn 455, 10

11 288, 2

1 427, 23. V 203, 4

vl 293, 14

11270, 8

.11184,7

1111 400, 19
1 18, 3. 278, 28. 377,
23. V 433, 27

479 sq. 111 503, 10

480

483
486

489
490
491

493
496
498
499.

501
. 502

1 377, 23. 11 519,
25. 111 504, 32. V
438, 28. 807, 3

1111 238, 27
V 15, 2. 507, 33. VI
472, 13

v 29, 31. V1 29, 14
VI 339, 457
1 {11’ 19. Vn 414,

vll 459, 21
V 339, 3
1 433, 25

1 273, 23. 442,3.1111

259, 22. 283, 17.

V 3828111220,

19. 828, 35 V11
382, 9

111 371, 19
1 35, 12 ,

