INDEX SCRJPTORVM

666
Vergilius Aeneidos
XI 573 711 481, 16

672 11 842, 11

622 1 214, 17

597 IIII 226, 31

608 1111 264, 7. 711 602,

611 711 616, 14

627 1111 268, 18

682 711 486, ·3

643 11 546, 6. 1111 222,
16. V 399, 26

666 11 880, 4

667 1 459, 10. 11 41, 6.
71, 17. 466, 2.1111
400, 22. V 307,

653 711 424, 10

660 1 882, 4. 11 820,22.
828, 19. 111 364,
13. 1111 231, 4. V1
450, 10

673 1 214, 17

684 71 828, 1277

686 1111 394, 19. 564, 20.
V 292, 7

688 11 608, 12

624 1 323, 11

706 1111 261, 14

710 VII 513, 5 ⁸

714 192, 82. 1111 128,
28. V 574, 3

715 1111 247, 13

721 1 28, 2. 111 74, 25.
77, 2. V1363, 1267

731 1111 223, 17

739 1111479, 10. 71 219,

747 1111 256, 24

760 111 233, 5. V11470,4

764 1111 246, 27

766 11 543, 26

767 711 79, 11*

770 711 414, 29

770 sq. 1 411, 27

774 1 108, 18. 7Π 266,

774 sq. 11 213, 16. 251, 4

775 1111 23, 24. V1479,15

782 711 442, 10

786 11 203, 11. V346, 11

303 1111 255, 27

812 1111 556, 15. 711 416,
26. 461, 7

312 sq. 1 412, 29

320 711 504, 24

82ος 822 111 9, 3

322 V 503, 16. 541, 31

323 1111 253, 24

824 7·660, 27

882 sq. 11 540, 24

Vergilius Aeneidos
{XI 841

XII

345
352
355
356 sq.
357
365
375
390

909
331

“102stoe [Ψ

13
18
19
23
25
29
35
36

41
46
57 899.
68 89.
69
60
61
67
67 89.
68
76
88
92
94

. 97

113 899.
116
119

130
144
147
159

161

161 899.
170

V123, 14. 230, 8*.
280, 6
11 286, 16

711 510, 22
1111 247, 28. V 66, 20

111 37, 13
V 339, 7. V1 220, 20
711 476, 20
11 646, 19
1111 257, 26. 426, 13.
V 30, 14. 120, 3.
71 646, 4
111 228, 2
711 234, 25
1 411, 15. ΙΙΙ 611,
8. 711 414, 18
1 426, 11. 427, 14.
71 282, 28
1 427, 16
71 861, 1212
1 497, 27
1 427, 28
71 687, 6
1111 662, 26*
711 428, 27
7 820, 8. 402, 28
11 235, 13
711 614, 17
1 262, 26
1 262, 22. 344, 3.11
397, 7. V 464, 19
V 433, 13. 71 10, 11
11 430, 25
1 446, 18
111 33, 12
V 77, 1
Vn 467, 4
1 314, 22
71 464, 22
1 463, 29
V1 455, 2
V1 15, 26
711 460, 6. 477, 26
711 466, 12
1 323,10.11 236, 13.
12, 21
711 468, 28
1 442, 28
1111 224, 6
1 459, 23. 1111 400,
23. V 303, 5
VII 467, 10
V1 376, 1709
711 606, 1
1 543, 37. 1111 12,
30. 123, 17. V 504,
2. VII 454, 21
1111 397, 13. V1456,9
1 230, 3. 448, 28
1 546, 34

 

