6322

INDEX SCRIPTORVM

veglssmssgnffl‘ in. vag-Aen. V. 1. 118, Vergilius bucolicon

Μ. Velleius Paterculu's libro Ι ΙΙ 248, 4
Vergilius 1 24, 7. 84, 88, 89. 88, 18. 80,

20. 84,
67,19.

1. 123, 6. 128, 1. 215, 81. 11
470,8.111438,88.111189,80.

130, 89. 188, 88; 38. 195, 23. 228, 25.
838,11. V45, ’.18 48,Ι ’.25 198,18.

291, 8.

326, 29. 348,12. 370,16. 506,

88. ’844, 87. 878, 31. 877, 10'. 580, 8.
888, 4. 587, 3. 890, 28. 591, 18. vl

56, 25.

114, 29. 210, 5: 281,·5*. 260,

20. 292, 21. 587, 16. 636, 26. VII 214,

1. 232,
534, 5.

5. 259, 26. 264, 33. 291, 22.
543, 35

· in prolusiofiibus 81118 I 512, 27

librum 81111111 Cupam inscripsit: 183,11
Aeneis VI 55, 21

catalect. 4, 9 iambico 5pigr8mm8te
VI 137, 23. 640, 27

88881888. 8,1 VI 306, 2376
νει-3111118 bucolicon

1, 1 V1240,10.875,1575
518, 28
8 ·V1 78,12
8 1111 838, 28. V11505, 18
7 1111284, 18
9 · 11 388, 14. V 878, 87
10 ιι · 1 545, 22. VII 489, 22 ·
11 Vl 22,12
18 , V 878, 85
= 14 ·. V 524, 13
·. 15 , Ι 487, 19.11190,21.
91, 10. 1111209, 20.
V 420, 81
20 sq.. 111 338, 18
25. ..v521,5 .-
87 , 1 417, 10. V11422,15

89 · ·V1115,24·

80- 1455, 24.1111420,11. .

443, 8. V 24, 82.
75, 19. 870, 25. 879,
· 27. vn 854, 4
38 ·· V1445,.28

33 .. 11 898, 12. V 389, 88.
888, 1

34 V 575,·10

³5 ..¹ Ῑ 79,’15

48 .- V 859, 2

48 VI 284, 8*

81 1 71, 14

84 V 590, 11

54 sq. 111 300, 18

88 1 105, 27. 140,14.V11

191, 10
59 1111 225, 1
50 111 25, 11. 1111 149, 2.
. V 555, 19
52 111 25, 8
52 sq. 111 40, 20

1, 58 1 89, 80. 11 150, 8.

Vl 818, 8. Vll 340,81
89 11 295,14,814, 11.1111
15, 14. V 859, 21
70 · 1111 251, 18. 400, 5. V
308, 89. 384, 84
71 1111 830, 81
74 , 11 838. 11. 1111188,8
75 vlt 500, 24
77 vu 500, 20
80. ;ν11,888,,8,7. 808, 84
81 111 55, 7. 373, 17. 1111
897, 28. vu 808, 19

. 81 sq. 2 1 38, 10. 881, 5. 445,

. ι. V1151‚11.407,
8778
88 V1 458, 9

‚ 1 ΙΙ 378, 15.111257,21.

. 877,18. 300,8. 1111
487, 21. Vl 72, 11.
vll 119, 4. 449, 12

⁵ 5 1111 229, 28. 250, 11.

520, 3. VI 115, -1.
142, 5

7 · 1u1282, 31

’ ’ 10 Vr 480 24. 455, 13

11 171,1.1111250 13.
vu 258, 38. 898, io
14 . . 1111 250, 18

18' . 1499,19

19 VII 458, 8
80 11 113, 2.·111215,28.
- Vn 449, 5. 458, 11
22 1111 7, 5. V 848, 20.V1
472, 8

28 V 838, 83. V·128,12.

. . , V11481, 28

24 1111 528, 82 528‚12.v1

89. Vn 477, 4

84 1103, 5. V11 74, 8.
501,19

40 - Vl 183, 18

45 ;. ΙΠΗ 184, 87

83 11 148, 18

84 1 22, 8. 188, 8.· 111
487,.18. V 429, 25

83 ,1111 88, 87. 438, 11

58 sq. 1 449, 8

88 1 14, 15. 489,18. 1111
258, 7. v 119, 10.
899, 11. Vl 27, 14.
80, 15. 218, 7. 587,
18. VII 282, 80.
888, 3

88 VI 445, 24

71 V11 488, 1

78 VI 487, 80

3, 1 1 111, 10.11575,7*.

111 179, 10. v 81, 5.

