INDEX SCRIPTORVM

Cicero, M. Tulliu³8 ro Sestio

33, 72
38, 82

83
45, 97

68, 142

pro Caelio
2, 5

3, 8

. 5, 11
13, 32
14, 34
17, 40
19, 47
20, 50
24, 59
25, 61
29, 69

in Pisonem

pro Plancio

1‚1
2,3

5
3,7

107, 9
V 574, 11*
11 70, 7

V11 475, 23

V11 499, 9

Ι 339, 13
vn 118, 28
V11 508, 3
V1 468, 28. V11475,3
ΙΙΙ 217, 13. 437, 35
11 439, 15
V11 465, 14
VII 495, 26
V11 487, 26
V 48,16
V11 505, 5

1 468, 10. 235,3 (v.
(καφ). 410, 7. VI
447, 6. VII 499, 11

V11 504, 15
V11 502, 6
V11 501, 23
vn 491, 6
V11 477, 1. 432, 3
V 517, 29
V11 460, 1
VII 463, 13. 477, 23
V11 470, 23
VII 496, 19
Vn 432, 9,
Ι 147, 11
1 130, 7. V 461,17
V11 502, 2
V11 483, 20

11 109, 5

Π 109, 4

ΙΙ 473, 7

V11 437, 17

11 473, 3

V 234, 5. V11457, 3.
433, 9

Vn 511, 18320
V11 479, 3
V11 511, 10
V11 432, 21

11 108, 18

11 335, 20

11 341,4. V11461,12

11 527, 22
V11 511, 12

11 346, 2

11 345, 3

Ι 433, 15. 468, 9.
470, 4

Ι 470, 17

V 306, 7

1 470, 31

9
4, 9
5, 12
7, 13
3, 22
10, 29
11, 30
12, 33
13, 35

17, 43
19, 49

20, 53 ·
54
21, 53
22, 59 .
24, 34
29, 79
33, 99
pro Marcello
1, 2
3, 8

1, 1

3
2, 5
3, 3
4, 12
3, 17

7, 20
9, 24
25
10, 28
11, 30
31

12, 33
13, 33
15, 41

539 ⁸

Cicero, M. Tullius pro Milone

1 469, 33
Π 273, 21
1 470, 28
1 471, 16
1 471, 19
Ι 374, 10
1 549, 24
111 356, 10. 372, 3
1 227, 8. 393, 6. V11
419, 23
1 396, 23
Ι 393, 23. V11 511,
V 186, 2
V11 467, 7
1 402‚11.V11477,22
111 291,20.V11498,20
1 227, 31. 394, 2
11 410, 6. 426, 10
V11 497, 12

11 263, 14

11 94,19. ΙΙΙ 220,
5. VI 491,16. V11
512, 17

VI 465, 31

11 181, 12. 226, 4

1 467, 8. 111 101, 5
111 100, 17
V1 442, 28
VII 469, 28
Ι 471, 24
1 470, 7. 111305, 14
1 471, 13 25. V11
453, 9
1 470, 27. 11164, 17
11 354, 21
11 392,17.ν11472,,3
V11 474, 23. 493, 21
VI 442, 2⁷3 28
111 367, 8

111 368, 18
V11 471, 17
V11 456, 18. 495, 5
11 93,13
V11 461, 13
111 193, 15. VI 443,
1. 462, 7. V11 467, 6
V 263, 1
11 73, 3
11 73, 9
V11 463, 1
V11 114, 10. 473, 6
111 342, 16. 1111 510,
11. V11 453, 21
ΠΙ 273, 19. 325, 1
V11 512, 2
1V 27, 18. V1478, 13

