628

Terentius in Hecyra

II 2, 5
5 sq.

20

111 1, 2

2, 12

14

24
33 .
11

„⁶⁵:³⁰

7¹ .
18
5, 15
35
45

1111 1, 3

7
10 .
19
55
57 ,
3, 4

1 .' ἶ
4,10 sq.

⁸ 21
23
53
64
92
97
v 1, 7

2,3 ·’

9
3, 31

38 θ’

in Phorffione

prol. 1 sqq.

2
11
28
29 ’
31-..
1 1, 1

1 sqq

2

7

9 sq.
2, 8

12

15

17 sq.
19 sq.

INDEX SCRIPTORVM

V11 455, 9

1 229, 4
11Π 508, 11

1 358, 3. VI 433, 4
V11 471, 10

1515, 5. 518, 20.
VI 555, 9;20.559, 11
VII 453, 24
V11 497, 22

11 533, 11 (v. add.)
· 11 344, ·13

11 247, 20 [υ. add.)

11 428, 20
1111 451, 24

· 1111 505, 32. 552, 20.

V 18, 33. 57, 7.
225, 27.V1 199, 11

· ·V1 202, 17. Vn 348,

. 28. 458, 17

. ¹ V11458, 19

· 11 450, 17

‘ VII 495, 22
. Vll 419,19

11 531, 3. 544, 5
’,1380 2.111137,12.
V1489, 14
11 288, 22
VII 505, 3
1111 450, 14 ·
VH 482, 25

. VII 495, 5 .

1111 452, 17

1111 122, 15

¹VI 445, 10
VII 419, 28
II 238, 2

'‘ V11419, 30

V 59, ’1.2 111429, 33.
450, 9. 452, 10
1 22, ’19. 539,13.11
257, 23
1111 471, 1

111 423, 15 ··
vu 513, 3.·
111 75, 25
11 373, 1. 380, 27

· V11 454, 18

111 94, 10. 500, 11*
11 187, 29. VI 555,
15. V11 450, 19

111 423,¹ 20

1 200, 11.11108,15
111 99, 4
· 1 223,Ι 15
V1 199, 9·
Vl 445, 11

· ‘V 371, 21

1 497, 5. 111328, 10
111 255, 23 ’·

, Terentius in Phormione

Ι 2, 27 V 591,
27 sq. 111 355,
28 1 275,

‚ VI 462,

82 1 213,
36 II 47,
38 III 109,
38 sq. 111 25,
39 ΠΙ 463,
39 sq. . 1 389,
43 sq: ΙΙΙ 94,
45 5. ³ Ἰ 223,
,48 . III 42,
49 11 392,
51 V 388,
71 sq: 111 257,
73 . ΙΙΙΙ 289,
97 8‘1· 111 139,
101 ·· Ι 227,
3, 2· . 11 258,
5 . ,111 50,
13 · 11Π 474,
14 ·· ἶΙ 389,
4, 1 ·. , 1 214,
335,

2 VII 480,
9: -‘ 1111 17,
13 Ι 211,
. VII 482,

17 1 212,
20 · 111 283,
25 · 111305,
32 111 455,
42 ΙΙ 399,
45 111 280,
51 ΙΙΙ 415,

11 1, 17 1 313,
18 “ II 385,
19 11 158,

’·40 ·· V11 455,
403142 1Π 95,
41 VII 512,
71 111 69,
73 111 337,

2, 1 111 555,
13 sq.. III 137,
15 ἸΙΙ 332,
25 · 1111 497,
29 11 84,

3, 4 sq. 111 375,
15 sq.- 111 55,

··17·‘ · 1111 477,
27 11 487,
55 111 354,
'58 VI 445,
71 · ΙΙΙΙ 97,
82 111 327,

4, 14 ΙΠ 170,

lll 1, 10 111 62,

10
13
24. 462, 31.
28
17
13
18
24
15. 514, 23
19
5 .
11
14
18 (v. add.)
19
6:
23
3
24*. 393, 26*
3. 111 188, 3
18
2
2
13. Π 152, 5.
27
4·-
15. V482, 24.
14
3
18
l: ο
30
19. 537, 4
14
2
14. Vll 454,

13. 557, 15
22

5

13

3

10

Β.

