INDEX SCRIPTORVM

Vergilius georgicon

ΙΙ 49
49 399.
53
59
63
67
68
69
69 89.
70 899.
76
79
83
85
86
87
93
96
97
106
124
125

131
132
134
135

148
159
166
167
168
169
170

175
177
180
181
189
192
193
194
196
204
214
222
223
241
242
243
250

261
272
278

280

1111 252, 16
111 258, 1
1111 254, 28
V11 495, 29
1 99,12.1111280,30
1111 227, 28
1111 281, 28

“ 1111 228 9

VI 222, 18
11 438, 5
1111 478, 1
11 519, 35
1111 220, 2. 250, 9
1 99, 10
1111 22, 21
11 295, 17
1111 19, 1
V11 459, 7
111 185, 15
1 103, 22
1111 280, 23
1 417, 18 V11 422,
1 136, 8. ν11507,7
1111 249, 10
V11 455, 3
11 388, 20. 111 272,
22. 273, 4. 1111
492, 5
1111 238, 21
1111 229, 31
1111 474, 12
1111 228, 34
1111 280, 10
1111 407, 8. 490, 18
11 82, 2211149821.
1111 540, 3
11 380, 9
1111 233, 20
1111 257, 31
vl 361, 1222
11 185, 12
111 454, 9
v 578, 4
1 488, 4
11 192, 38*
1111 233, 18
V 591, 28
VH 473, 18
111 217, 8.V11501,7
1111 211, 22
V 477, 14
1111 224, 35.V11 478,3
1 343,23. 11397, 22.
V 649, 12. 850, 28
V1 358, 1117
Vll 81, 2
1111 280, 24. VI 382,
1255
1 372, 19

637

Vergilius georgicon

11 289 11 482, 17

293 1111 252, 28

297 Π11 248, 18

299 1111 478, 29. V 29, 20.
1111 230, 25. 538,

301 1111 235, 24

314 V 585, 22

338 sqq. 111 258, 8

338 1111 233, 8

365 1111 952, 10

373 111 345, 881

381 Vll 104, 11

382 sq. Π 84, 11

384 1 374, 7. 11 540, 18.
V 61, 20. 383, 33.
593, 2. 111 382,
1258. 1111 511, 1

386 Vll 489, 25

389 111 474, 7*

394 1 488. 8

395 1111 245, 24

398 1 266, 9

403 sqq. 111 81, 28

410 1111 239, 31

420 111 48, 21. 1111 254,5

425 1 454, 27. 11 390, 25.
393, 18. 432, 8.111
384, 11

437 111 158, 25

438 1111 281, 23

438 sq. 111 230, 1

443 - 11 309, 23

447 V 574, 14

448 1111 488. 13

449 V 41, 1

451 1111 517, 10. 1111 478,
21. 493, 15

458 V 60, 16

463 1111 478, 11

467 1111 494, 24

488 111 218, 8

472 111 293, 21

475 111 445, 8

479 111 380, 1194

483 111289, 5, 1111 252,
3 111 445, 21

486 1111 240, 33. V 399,12

487 11 72, 1

490 1 417, 27. 111 213,

4903493V11 423, 1

493 1 417, 28

508 1111 458, 15. 464, 3

519 V 572, 12

520 11 142, 15

522 1111 184, 21

523 1111 79, 11 ²¹²

536 1 448, 6. 1111 398,

11. V 303, 5

