644

INDEX SCRIPTORVM

Vergilius Aeneidos

1 504 111 301, 3. 313, 18

505 V1 454, 10

505 V11 505, 10

509 Vl 204, 5

511 1111 210, 34

520 111 52, 8

522 111 89, 3. 197. 7 vl
503, 21. 512, 3.
515, 19. 517, 1

530 1111 535, 13

532 1111 220, 1

535 1111 259, 15. V1 29, 8.

Vll 70, 17
538 vu 452, 20
541 11 475, 14
548 1 258, 4
553 11 471, 25

559 1 498, 22
559 1111 252, 4
570 Vl 445, 22
572 Vn 451, 32
573 1 440, 20. 454, 11.
· 111 187, 15. 1111
394, 3. ν 291, 21
575 sq. 11 407, 17. 111 95, 1
578 1111 251, 23
584 V 105, 22; 34

589 1 277, 10. 453, 15. ,

1111 225, 25. 402,
24. V 580, 25. Vl
454, 83 20

593 111 346, 25. 1111 145,
12. V11 350, 27.
355, 18. 450, 8

695 111 52, 5. 1111254, 35.
VII 97, 10

595 sq. 111 197, 21

599 V11 459, 19

501 1 33, 18

603 89. III 97, 10

504 Vl 517, 9

509 V 580, 9
511 11 299, 7
513 1 215, 27
514 1 271, 2. 449, 20. 111

109, 24. 1111 395,
4. 554, 24²⁸. V1
454, 2

515 1 90, 31

517 111153, 4. 205, 25.
211, 17

517 sq. 111 180, 5. 203, 8

519 111 105, 10

525 1 190, 25

527 V11 507, 13

532 V 459, 5

537 v 577, 28. vl1481,7

539 11 551, 23. 111 259,
‚ 543 v 3³39, 21

544
549
550
553
553 sq.
558
559
552
553

554

554 eq.

555
666
669

670 sq.
573 sq.

681
682
683

583 sq.

584
687

689
695
697

597 sq.

700

701
702
704

711
714
716

718 sq.

724
726
728
734
742
749
760

Vergilius Aeneidos
1 543 sq.

1 451, 5. 1111 74, 7.
401, 12
1111 81, 23
1111 30, 22. Vl 482, 3
1111 213, 16
1111 223, 14
111 375, 20
1 408, 24. V 519, 24
1 414, 28. V11 283, 7
111 54, 5. V11 509, 3
1 459,3;17.V1450,
1111 398, 7. V 302, 35.
vl 458, 9
1 281, 15. 445, 25
11 73, 17
111 30, 15.V11 59, 24
111281, 5. 1111 250,
18 Vn 454, 6
111 351, 18
111 41, 12
1111 254, 15. V 77, 19
111 55, 2
V11 427, 5
111 327, 12. 330, 22.
348, 5. 353, 5
V1 545, 32
1 225, 22. 392, 13.
vl 429, 5. Vn
419, 5
1111 35, 22. V1488, 17
1 434, 15
vl 204, 5. V11419, 1
1 225, 17. 392, 9. 111
335, 15
1 230, 29. 237, 15.
253, 21. 399, 4.
410, 24. Vll 407,
17. 508, 20
111 407, 3
V 309, 14. 583, 19

1 74, 30. 11 153, 12.

V11 457, 25
1111 30, 22. V1 482, 3
1 214, 21
1 377, 1
1 257, 27
V 307, 3
V 583, 15
1 270, 17
11 471, 21
1 270, 4
V11 458, 13
1 233, 13. 413, 14.
,111 45, 25. 55, 14.
195, 21. 371, 10.
1111 391, 9. 420,
15. V 25, 4. 277,
25.V11 288, 9. 355,
24. 415, 4. 508, 13

ι unq—u ι

