358

Ve
VII 247

260

261

261 sq.

233
238

277

283
288
289

290
293

298
299

304
304
307
319
320
324

331
341
345
355
357
359
360

363
378

380
382
383
389
390
399

400

sq.

INDEX SCRIPTORVM

rgiliu3 Aeneidos

VH 542, 4
1111 234, 37
111 215, 4
11 150, 13 (v. aad).
191, 3 (v. add.)
111 500, 33. V 203, 22
111 213, 13. VI 457,
Ι 32, 4. 1111209,29.
V11 293, 12
V 31, 23
111 298, 2
1111155, 8. 517. 26.
534, 13. V 70, 2.
VII 291, 13. 343,
111 319, 7. VII 473,
24. 493, 10
1 109, 13. 1111 210,
27. V 40, 4. 345,
29. 347, 1. VI
447, 5
1 103, 21. Vll 509,
VI 445, 17. Vll 471,
1111 232,19.V11511,2

sqq. 111 133, 12

ΙΙΙ 132, 13
V11 501, 3
Vn 471, 23
Ι 33, 30. 117, 25.
1111 229, 2
1111 220, 30
111 35, 23. 37, 13
V 401, 53 19
V 537, 35
1111 249, 23. 251, 1
V 543, 23
1111 233, 1. V11 491,
1 434, 21. 1111 402,
1 34, 29. 145, 10.
323, 11. 550, 13.
1111210, 32. V 33,
22. V11 293,15.
294, 1. 311, 22
1111 195, 24
11 142, 13
1111 230, 20
1 241, 3
1111 252, 13
1 403, 9. 1111 335,
23. 393, 20. 423,

21. 439, 1. 443,

23. 533, 23. V 35,
13. 135, 33. 245,
30. 290, 19

111 133,17.V1341,532

Vergilius Aeneidos

V11 410

415

413 Vll 513, 13

417 V 370, 4

417 sq. ΙΙ 359, 4

422 VII 513, 14

425 VI 31, 30

423 1111 533, 15. vl 331,

429 1111 252, 31

432 11 351, 22

440 VH 471, 23

451 V11 430, 13

452 1 427, 25. 1111 222,
33. 232, 13

453 Ι 234, 19

434 · Ι 533, 25. 1111 233,
24. V 339, 14

433 V 594, 3

431 1111 230, 9

434 V 334, 3

435 Ι 173, 27. 350, 35

490 V 532, 3. VII 452,7 ⁸

493 V 575, 13

501 1111 30. 10. V1431, 14.
VII 507, 14

510 Ι 201, 25

513 1111 232, 30

514 Vn 513, 9

517 11149, 11. 223, 2.
1111 15, 30. Vl
231, 9*

524 11 33, 9

535 1111 254, 4

547 1111 251, 23. VI 237,

552 Ι 213, 22.V11449,3

553 1 253, 20. 399, 1. 111
143, 10.. 231, 12.
V11 407, 13

533 V 40, 24

573 sq. ΙΙΙ 331, 12

579 1111 210, 29

533 1111 225, 32

539 1111 223, 2. 230, 25

593 VII 492, 13

593 Ι 314, 31. VII 491,

593 VI 445, 22

301 1111 223, 24

305 1 100, 12. 123, 9. 11
217, 4

303 1111 259, 23.V539, 21

313 V 439, 3

313 V11 505, 19

313 sq. ΙΙΙ 299, 17

323 VII 449, 15

1 12, 19. 423, 5. 11

33, 9. 1111 253, 31.

VI 27, 4. 29, 30
1111 223, 21

 

