INDEX SCRIPTORVM

Vergilius Aeneidos

XII 171 VII 453, 23

173 V 341, 27

192 1111 102, 13. V 330, 2

200 111279, 5. 295, 14.
1111 240, 5

203 Ι 109, 20

210 IIII 246, 9

216 Ι 233,2·1.V1450‚14

224 Ι 665, 23. 11 395,
25. V11 455, 13

223 1111 542, 25

244 11 392, 5

256 VI 35, 27

234 V 482, 20

266 111 37, 10

273 IIII 231, 25

260 1111255, 14. V 472,

287 VII 288, 19. 415, 24 ’

267 sq. Ι 412, 26

290 V11 450, 9

293 1111 253, 6

306 111 357, 14. 1111 231,
31. VII 453, 6

314 111 333, 13

314 sq. 11 493, 16

316 1111 557, 22

329 V 521, 23. V11424,4

329 sq. Ι 418, 31

331 1111 253, 33

333 1111 245, 15. 261, 3

342 1111 246, 30

345 11 402, 20

346 V 140, 32. V11 506,
16. 540, 17

359 1111 247, 21. 402, 14.
v 312, 3. VI 432,5

359 sq. Ι 462, 34

373 1 499, 11

666 Vll 495, 9

393 VH 509, 26

396 , VII 495, 7

403 ΠΗ 247, 17

412 sqq. ΙΠ 183, 4

416 sq. Π 359, 20

421 1111 231, 13

429 VI 197, 17. V11 326,

435 Vll 437, 12

433 Ι 373, 17.11 433, 23

443 ΙΙΠ 261, 19

449 1111 233, 4*

454 I 441, 24

456 1111 233, 31

473 VI 435, 10

433 1111 250, 15

503 111 433, 21

507 II 335, 4

517 V11 472, 5

516 1111 231, 19

667

Vergilius Aeneidos

XII '319 1111 82, 38

525 V 59, 17

527 Vn 495, 1

533 sq. ΙΙ 545, 19

534 11 354, 15

553 1111 243, 19

559 VII 435, 31

565 V11 510, 18

566 1111 254, 12. V 341,

533 Ι 93, 5. 96, 19

572 1111 227, 9. 424, 24.
VI 230, 17. 242,

574 1111 243, 3

537 V 533, 3

539 Vn 512, 23

594 1111 250, 35

595 111 293, 2

593 V 432, 26. VH 433, 2

610 VII 455, 18

616 1111 243, 23

323- 1 411, 30. V11415, 2

644 11 243, 14

349 111 222, 17. VII 480,

653 1111 535, 3. Vn 491,

359 VII 473, 23

659 sq. III 213, 16. 219, 6

66 Vll 233, 4. 416, 26

66 sqq. Ι 414, 16

673 V 472, 23

373 Vn 432, 10

679 1111 243, 27

660 Vn 474, 20

667 1 457, 14

394 VI 37, 3

394 sq. III 309, 2

706 Vll 473, 3

709 · Π 32, 4

711 1111 255, 13

722 1111 253, 11

327 Π 394, 13. V11 120,
11. 270, 4

733 1111 252, 3

733 1111 127, 19

746 V11 433, 14

753 1111 231, 14

734 sq. 11 350, 7

733 VII 511, 4

733 V11 507, 19

770 Ι 109, 22. 1111 210,
25. V 40. 6. 345,
30. 343, 33

772 VI 33, 10

781 1111 251, 3

767 1 372, 16

792 V11 125, 11. 272, 25

601 1 362, 23

43*

