INDEX SCRIPTORVM

Vergilius Aeneidos

71 792 1 14, 4. 15, 13. 430,

17. 111 142, 21. 1111
224, 35. 258, 30.
359, 11 *. V 203,
25. VI 28, 1. 31, 2.
711233, 8. 388, 13

793 1111 515, 29. 7 15, 11

794 11 551, 20. 711 506,

795 V 523, 11. 711 288,
17. 416, 21

795 sq. Ι 414, 6

798 1111 256, 33

802 7 400, 25

803 1279, 7, 442, 22.
1111 263, 29. 396,
21. V 298, 6. Vl
449, 5. 453, 2

803 sq. 111 113, 2

807 1 417, 14. 711 422,

809 Ι 91, 1

810 Ι 388, 5. 412,1.711
415, 4

812 11 314, 13. 1111 16,1

813 711 493, 14. 507, 11

815 711 468, 3

816 1 100, 3

818 1111 236, 26

825 89. II 337, 2

827 1111 241, 29

831 71 29, 12

838 VII 452, 5

835 11 531, 187565, 23

838 1 324, 5. 1111374,1.
V 841, 3

841 71 67, 24. 231, 6*·

842 1111 220, 21

843 11 62, 22

844 111 498, 21. 1111 249,
22. VI 352, 1255

847 7 471, 21

861 899. ΙΙΙ 123, 6

862 711 470, 16

864 ΙΙ 585, 30

871 IIII 248, 24. 260, 29

871 39. 111 53, 22

874 11Π 226, 28

882 11 222, 91111 185,3

883 sq. Ι 219, 2

887 ΙΠΙ 527, 8

895 1111 251, 29

898 1111 245, 24. 248, 5

901 V 301, 7

711 1 Ι 274, 9. 459, 20. 111

103, 16. 490, 29.
1111 145, 28. 232,
34. 251, 18. V 398,
28. 565, 16. 711
350, 30

657

Vergilius Aeneidos

711 11 711 505, 15
15 V 472, 4
30 899. Ι 483, 22
41 IIII 236, 3. 239, 18
43 711 509, 8
50 VI 458, 19
53 VII 492, 22
59 VII 493, 17
53 ⁴ VII 494, 20
66 · 711 502, 26
71 VII 457, 24
84 11 328, 7 (ὐ. add). V
477, 8. V11 477,
90 39. 111 333, 20
96 1 427, 27. 1111 219,
24. 248, 2. V 57,
15. 641, 37
97 V 541, 38
98 1111 233, 25
109 sq. 11 235, 22
110 11578, 36. 111 143,
14. 500, 31
116 1111 247, 34. 440, 3.
V 251, 25
. 128 1111 225, 32. 230, 17.
VH 481, 20
131 V 55, 8
133 1111 400, 9. V 307, 5
134 Vll 505, 30
142 1111 227, 15
147 1 458, 15. 1111 400,
· 9. V 307, 3. 71 .
. 457, 9
148 1111 230, 31
151 711 477, 5
160 89. VI 153, 32. 222, 12
161 7 183, 34. 711 507,
162 V 521, 19
155 711 489, 30
170 1 499, 5
171 1 499, 8
178 1111 259, 21. V 389, 3.
71 222, 1
179 711 508, 27
186 7 574, 25
188 7 195, 19. 500, 16
192 111 320, 23
199 III 97, 19
200 1111 234, 3
204 111 84, 25
205 711 117, 24
206 711 497, 10
216 711 455, 13
225, 899. 11 520, 8
226 1111 260, 21
243 71 456, 27
244 1111 258, 25

246 sq. 111 375, 14

