626

11 2, 18 sq.

19
22
23
26

31
38
39
39
40

43
48
53

3, 2
5
8
9
10
11

13

19
20
22
23
24
27
28
30
32
40
40
45
60
66
ΙΙΙ 1, ἐ
7

sq.
sq.

sq.

7 sq.

10

18·

25
32
34

34 sq.

38
42
45

2, 2

2 sq.

15
33
33

36

sq.

INDEX SCRIPTORVM

Terentius in Eunudho

111 355, 15
111 351, 11
1 455, 10
11 575, 9*
1 75, 20. 111128,24.
128, 33. 182, 28.
V 451, 1
1111 457, 14
11 593, 5
vn 481, 4
11 400, 7. 111328,17
111 131, 22. 148, 12.
V 848, 20
vll 475, 14
VI 485, 27
1111 487, 11
vn 481, 14
V11 513, 20
111 550, 1
vu 503, 21
1111 149,17.·V11354.7
111 241, 14. 289, 23.
498, 15. 512, 20
1 114, 5. 11 153, 4.
1111 491, 28
11 153, 14. 11180, 18
V 59, 24
1 108, 14
1111 23, 25
V 497, 41
1111 213, 21
111 58, 27
111 179, 13.
V 470, 27
V 241, 8
111 349, 12
1 103, 8
111 11, 9. 1111 122, 12
1111 119, 2
ΙΙΙ 376, 6
vn 512, 20
111 357, 10
111 114, 25
11 147, 2. 1111 542,
13. V 348, 27
1 218, 20
vu 481, 23
1111 558, 29
V11 455, 25
111322, 14. 351, 8.
355, 25
111 453, 18
11 501, 17
111 337, 15
V 585, 24
111 1, 24
111 34, 1. 115, 23
111 225, 12. 324, 2
111 190, 4
11 44, 7

v 51,5

Terentius in Eunucho
111 2, 43

111 220, 1. 322, 19

53 111 455, 30
3, 14 1111 453, 5
21 11 101, 12
28 11 449, 25
4, 1 111 558, 17
2 1 382, 7
10 11 430, 11
5, 1 1 97, 2
5 V 307, 7
30 ΙΙΙ 194, 14
37 1111 12, 6
38 VII 489, 23
44 11 459, 7
45 V 59,10
51 VII 503, 26
51 sq. 11 394, 3. 559, 2
52 ΙΙ 475, 12
6, 25 ΗΠ 543, 2
7, 1 111 98, 4
1111 2, 7 III 514, 25
12 sq. 111 228, 14
3, 3 11 401,24. 111285,15
7 111 304, 11. 1111454, 5
22 11 582, 17. 111 1, 22.
2, 14. 188, 8. 174,
7. 207, 19
24 111 507, 7
4, 2 111 74, 1
10 111 8, 22. 1111 501, 38.
V 50, 28
13 111 73, 19
25 111315, 8. 388, 15.
376, 16
29 111 445, 12
29 sq. 111 81, 12
31 III 9, 11
34 111 318, 12
40 111 318, 14
45 111 81, 15. 284, 1
48 ΙΙΙ 73, 22
55 1111 472, 21
5, 8 1 273, 15. 458, 22.
1111400, 11. VI 457,
12 1111 455, 27
5, 8 sq. 111 298. 21. 352, 22
12 ΙΙΙ 376, 9
15 11 578, 24
18 111 90, 25
20 111 101, 3
25 1111 291, 22
7, 4 11 345, 5
8 sq. ΙΙ 486, 3
10 1111 504, 19
19 VI[ 468, 9
21 111 194, 12
45 11259, 10. 310, 2.

v1,7

1111 25, 9. 1111491,12
11 285, 19

