590 INDEX SCRIPTORVM

cicere, M. Tullius Philipp. Cicero, M. Tullius Tusculanarum
I 2, 6 VII 454, 4. 488, 24 Ι 5, 10 ΙΙ 470, 18
3, 7 VII 499, 25 25, 55 VI! 458, 15
8 V11 505, 23 Ῑ[ 2, 6 11 539, 6
7, 16 VH 487, 14 5, 14 1 211, 24
17 Vll 454, 2 15 Ι 200, 11
8, 20 VII 499. 6 8, 20 I 198, 2. 366, 27
9, 23 VII 459, 3. 481, 1 9, 22 1 222, 9
10, 25 VII 514, 11 10, 24 11 542, 24. 711457, 7
26 VII 487, 15 14, 34 Ι 124, 12
11, 28 VII 488, 22 15, 35 Ι 72, 1. V 575, 3
Π 2, 3 VII 513, 4 19, 44 I 206, 19
4 III 360, 7 20, 46 Ι 204, 10. 220, 17.
5, 11 1 314, 35. vll 491, 223, 31
25- 21, 48 l 206, 17. 214, 10
7, 16 VII 458, 4 22, 53 1 215, 17
8, 20 VII 465, 1 23, 55 1 203, 7
10, 24 11 395, 3. 407, 21 56 1 215, 19
12, 30 VH 472, 9. 477, 13 27, 65 1 222, 8
14, 35 111 355, 17 111 19, 45 11 105, 21
23, 56 VII 486, 23. 489, 27 1111 6, 11 11 391, 11
25, 63 1 319, 12. 467, 23. 29, 62 111 425, 5
VII 475, 22. 482, 1 63 II 246, 2
27, 67 V 585, 7 38, 83 1 219, 25
29, 71 Π 491, 7 v 2, 5 ΙΙ 371, 10
30, 75 1111 416, 12. 511, 13. 20, 58 11 371, 11
V 22, 13. 253, 27 35, 101 VII 487, 15*
33, 84 11 385, 5 40, 115 11 114, 15
34, 87 VH 458, 31 in amdoxis Stoicorum
38, 39 ΙΙ 93, 6 (υ. aad.) Ι 1 2, 26 1 383, 1
111 1, 1 VII 458, 21 de natura deorum
IIII 5, 12 VII 479, 4 II 8, 22 II 105, 22
V 1, 3 Ι 207, 20 32, 81 11 455, 4
4, 12 VII 451, 15 34, 86 11 432, 4
11, 28 111 277,10.V11449, 18 57, 143 1111 212, 12
Vn 7, 20 11 345, 4 53, 157 1 137, 4
lx 1, 1 VII 454, 11 111 Ι 313, 10
X 9, 18 VH 504, 17* 10, 25 V 575, 5
XI 2, 5 vn 454, 14 20, 51 Ι 117, 15. ΙΙ 259, 3
XII 7, 15 VII 451, 26 31, 76 Π 299, 16
’ΧΙΙΙ 11, 24 VII 466, 8 32, 81 V 517, 30
17, 36 ῙΠ 70, 10 in dialogis de republica I 340, 1. VI
19 V 154, 11 5¹14, 31. de republical 367, 21. 374,
XVI (³²) Vn 467, 15 18. 11 399, 13. Vn 487, 16
XVII (¹1³) VH 467, 15 de rep,
pro Scauro 45 VI 571, 9 1 VII 457, 14
e istularum Vl 1, 4 1 212, -15 2, 2 ἯΙ 505, 22
Marium VII 2, 3 I 108, 26* 3 VII 470, 13
ad Metellum V 14, ι 1 110, 2* 3, 6 Vll 457, 4
ad Quintum fratrem 1 195, 27 12, 18 VII 469, 31
secundo ad fratrem 11 1, 2 1381, 26 13, 19 VII 455, 26
ad Atticum 1 145, 31 20 V 620, 9. 544, 11
I 14, 3 I 410, 8 , 19, 21 VII 467, 19
VIII 1, 2 l 192, 23. 217, 3 43, 67 VII 466, 23
X 5, 7 1 218, 6 - 44, 68 V11 476, 12
XVI 3, 1 I 192, 24. 199, 25 46, 70 VII 452, 30
Academicorumtertioffiuc.9‚2‘1)I377,13 ΙΙ 3, 5 VII 453, 26
de finibus bonorum et malorum 4, 9 VII 452, 19
11 13, 39 V 648, 5 ΠΙ Ι 36, 5. II 255, 9
11 33, 110 1 145, 28 1111 111 76, 14. 462, 33

v 30, 92 VI 442, 30 V 1 139, 17

