INDEX SCRIPTORVM

Vergilius Aeneidos

v 61 sq. 111 323, 2
·62 V11 450, 21
64 111 446, 6
68 11 581, 14
73 1111 492, 20
77 VII 475, 15
79 1111 213, 19
84 V 572, 1
104 Ι 110, 22
106 1 67, 17
106 sq. 11 477, 7
117 1 205, 4
118 111 464, 29. 1111 496,
122 1111 528, 15
123 1111 586, 2
125 sq. 111 82, 3
132 sq. 11 480, 1
136 sq. 11 375, 3. 111 221, 3
139 1111 246, 25
140 Π 540, 24
142 sq. 11 38, 13
144 1 464, 16. 111 416,
32. V 67, 18
145 1 548, 22
147 Vn 482, 10
152 1111 80, 32
153 1 458, 26. VI 467,
14. 1111 491, 28
159 11 395, 15. 1111 500,
163 ,1 516, 19. 1111 239,
166 1111 81, 6
169 1111 80, 26
173 1111 81, 5
180 111 321, 3. V11 506,
184 1111 80, 38. 528, 15
186 VI 218, 19. V11 248,
187 1111 499, 22
188 sq. 11 344, 15
189 1111 231, 24
190 1111 537, 25
195 111 99, 7. 1111 97, 2
202 1111 473, 29
204 V11 477, 20
211 11 335, 11. 360, 3
214 1111 209, 18. V 586, 3
215 1111 117, 3
230 1111 498, 11
232 1 185, 21
233 111 37, 1
247 11 359, 8
250 sqq. Ι 483, 13
251 1 268, 21
254 1 117, 12
260 1111 477, 25

653

Vergilius Aeneidos

V 261

262
265
268
270
275
277
278
279

282
285

298
301
308

310
311

314
320

321 sq.
323
323 sq.
328
329
331 sq.
333
337
343
344
352
356
358
370
374
279
380

381

384
390
396
405
406
407

410
414
419
425

1111 369, 11 *. 424, 34.
479, 20. 11 119, 5.
Vl 230, 30. 242,
1111 463, 13
V 478, 8
1111 463, 14
1111 542, 39
V11 542, 40
VII 542, 41
V11 489, 9
11 469, 13. 538, 6. 11
485, 15
111 268, 15
111 285, 20. V11 476,
1111 224, 19. 526, 24
11 92, 7
1 15, 11. V 399‚18.
VI 31, 1
1 339, 25
1 312, 23. V11 497,
1 339, 27. 1111 414,
34. 11 641. 26
1 410, 10. VII 498,
111 195, 3
VII 415, 29
Ι 413, 2
V 653, 20
1 408, 17
11 485, 5
Vn 485, 11

l 429, 21. V 399, 5 .

111 314, 6
V11 485, 25. 544, 13
111 66, 23
Vl 445, 25
111 271, 2
1 270, 21
11 527, 14
1111 458, 5
1 113, 31. 556, 23.
11 153, 2
1111 149, 30. 1111 353,
1 555, 29. 1111 539‚5
1111 244, 31
111 219, 19
1 71, 22. 146, 5
1111 249, 8
1 459, 1, 15. 1111
400, 16. 111 460,
1111 30, 13. 111 481,17
111 195, 19
V11 454, 26
1 369, 17.11470‚7.
536, 8. 538, 9

