INDEX SCRIPTORVM 605

Lucanus Pharsal. Lucanus pharsal.

1 255 sq. 111 162, 16 11 666 v 645, 22
276 sq. 111 279, 9. 206, 16 633 11 520, 14
304 1111 223, 36 715 1111 223, 19
347 11 166, 7. 646, 4 717 11 336, 16
419 1 434, 34 713 sq. 11 124, 22
442 sq. 11 264, 11 353 11 275, 6
446 111 175, 6. 308, 4 111 19 11 124, 20
473 sq. 11 661, 9 43 sq. 11 157, 5
431 11 323, 15 44 V 60, 6. 264, 60
434 1111 244, 29 43 sq. 11 465, 26
501 V 355, 17 53 11 320, 22
531 11 520, 12 60 sq. 11 516, 17
537 1111 262, 14 61 V 466, 13
554 sq. 11 291, 9 73 sq. 111 91, 17
597 1 626, 10 94 sq. 11 236, 3
602 V 524, 33 133 sqq. 11 153, 22
604 1111 224, 26 164 Vl 261, 6*
629 11 335, 13 207 sq. 11 202, 14
635 sqq. 111 241, 13 215 1111 20, 23
642 sq. 111 337, 13 227 1111 23, 32
652 11 334, 14 277 1111 223, 21 .
636 11 329, 1 231 11 72, 25
11 4 V 469, 3 299 11 323, 17
17 11 474, 3 352 1111 226, 3
21 sqq. 1 464, 10 666 111 213, 23
35 VI 460, 11 432 11 473, 4
46 V11 543, 13 453 11 531, 22
47 11 476, 22 469 V 426, 26
54 V 341, 16 545 11 330, 2. 111 56, 19
60 Vll 546, 13 535 1111 497, 33
62 V11 546, 20 626 11 541, 1. 111 325, 5
72 V11 546, 25 674 sq. 11 515, 6. 521, 26
79 1111 261, 19 724 11 103, 15
32 V11 546, 26 1111 6 sq. 11 656, 25
93 sq. . 11 365, 15. 111 34, 3 13 111 56, 25
116 111 437, 15. 511, 35. 23 11 233, 22. 295, 2, ⁸
1111 16, 1. v 166, 66 111 56, 27
61. 429. 22 ‘⁹’ 100 11 491,14.V1194, 15
116 sq. 11 305, 19.111203,7 102 sq. 111 174, 27. 303, 1
126 sq. 11 509, 16 131 sq. 11 336, 13
137 sq. 11 249, 3 214 1111 553, 7
147 1111 247, 5 275 11 501, 12
166 V 45, 9 277 111 295, 6
133 sq. 11 222, 19 363 v 466, 24
192 sq. 11 520, 17 414 11 526, 25
221 1111 536, 13 446 sq. 111 273, 13. 297, 5
225 sq. 11 395, 5 455 sq. 11 505, 12. 559, 13
263 1111 226, 34 , 432 11 222, 25
235 1111 220, 25 . 519 sq. 111 342, 3
306 11 293, 7. 111 61, 6 546 sq. 111 414, 13
333 VI 219, 20 577 sq. 11 391, 3
370 11 274, 1 631 11 397, 13
407 11 202, 3 714 11 514, 23
426 sq. 11 201, 23 750 6qq. 111 341, 15
439 V 64, 6 , 730 sq. 11 444, 9
529 ΙΙΙῙ 261, 8 785 sq. 111 341, 21
575 111 233, 4. 301, 19 V 11 11 156, 22. 616, 24.
562 1111 262, 12 342, 17
536 sq. 11 511, 3 26 sq. 11 157, 20

667 11 279, 6 31 1111 239, 33

