642

INDEX SCRIPTORVM

Vergilius Aeneidos

1 114 39. 1 33, 13. 274, 18. 459, 25.

11 329, 12
117 1 88, 20
118 V 388, 18. VI39, 1. 448, 2
119 7 106, 1. 558, 80. 558, 28.
Vll 230, 1
120 1 131, 22. 1111 81, 11
121 1111 417, 27
122 71 475, 21. Vll 541, 27
123 ΙΙ 429, 4. V 581, 10
125 V 580, 18
128⁴ 1111 261, 6

126 8q.HI 272, 12¹⁸. 288, 4. 309,

10. 351, 15. 372, 5

130 1 434, 32

132 1111 145, 22

133 11 123, 7

135 71 463, 14

136 111 46, 10. 711 541, 29

137 711 492, 22

142 11 542, 8. 711 463, 5

143 ,V 584, 20

144 1 375, 8

144 39.111 185, 17

148 v 345, 17

147 1 434, 25

143 1111 243, 12. 589, 3. 7 63,
22. 71 464, 1

143 39.111 512, 22

149 1 74, 24. 1111 21, 9. 203,
13. 431, 23. 7 40, 22.
593, 13

150 711 492, 25

157 11 65, 2. 111 482, 3

159 1 12, 17. 423, 3. 71 29,

160 71 363, 1276

162 V 589, 28. vl 465, 29

164 7 573, 16

166 7 579, 2

163 39. 11 353, 24

171 39971455, 9

172 111 231, 19. 297, 15. 334,
5. IIII 571, 3

174 V 471, 19. 711 471, 25

174 39. 11 515, 17

176 1 455, 3. 1111 419, 29.
513, 17. V 275, 23

177 39.111 481, 33

173 V 578, 19. 711 473, 25

178 39. 1 233, 6

179 1 461, 20. 1111 401, 8. V
309, 11

130 71 214, 3

13139. 1 213, 32

132 V 572, 28

183 1 411, 21. 1111227, 7. 71
214, 5. 711 414, 23

134 7 204, 25

,135 V 51,1

Vergilius Aeneidos
1 190 1111 203, 10

191 7 584, 18

192 VI 480, 8

193 1450, 37. 465, 33. 1111
395, 1. V 293, 18

194 11 400, 5. 1111 36, 27. V
59, 14. 233, 33. 71 439,

195 1 431, 9. 71 459, 34

198 111 333, 3. 1111 231, 23

199 11 471, 23

200 711 454, 17

20039. 11 514, 19

202 1 453, 29

203 Ι 185, 18. ΙΙΙ 79, 11. 82,
8. 87, 2. V 847, 31

207 11 397, 20

210 711 449, 21

211 1111 125, 1. 127, 25

212 1 267, 3. 454, 14. 111 134,
6. 201. 20. lIII 393, 32.
448. 37. 7 291, 20. 296,
17. 501, 17. 71 450,
3. 457, 2

213 1 269, 24

215 1267, 30. Vl 450, 23.
vll 478, 18

220 1 131, 22. 1111 84, 17

22039. 11 247, 2

22139. 11 590, 7

223 71 429, 3

224 7 455, 1

228 ll 92, 11. ΙΙΙ 192, 17. V
342, 31

229 1 32, 19

229 39. 71 460, 31

231 I 411, 22. VII 414, 25

23439. 11 424, 21. 111 153, 21. 257,
22. 305, 9. 335, 10

241 1 555, 23. 1111 539, 3

242 IIII 402, 30. VI 465, 21.
469, 13

242 sqq. Ι 277, 18. 484, 19

247 171, 6. 141, 6. 11 293,
10. 590, 11. 7 556, 5

251 111 91, 24. 71 626, 2

253 111 143, 2. 1111 16, 4. 711
506, 27

257 71 447, 26

25739. 11 363, 9. 111 139, 8

258 V 359, 21

281 111 33, 6. 97, 1. 1111 559,
8. 71 203, 12*

262 1111 260, 34

264 71 514, 15

267 7 35, 10

273 711 476, 21

278 1111 83, 35

279 71 214, 13

281 sqq. ΙΙΙ 158, 17

