610

Ovidius metamorph.

111 234
341
522
674
674 sq.
1111 15
66
102
243 sq.
252 sq.
494
V 39
120 sq.
383
400
405
141
290
291
343
465 sq.
506
508
562
107
243
305
381
409
531
V111 86 sq.
237
310
476 sq
715
VIIII 298 sq.
548
715
X 95
531
XI 235 sq.
405

VI

VII

473
526
Xll 363
XIII 106
130

660 sq.
928
XIIII 146
159

285 sq.

329 sq.

404 sq

799 ⁸99·

825 sq.
xv 596
623 sq.

V 480,
11 366,

1 136,
111 664,
11 222,
11 226,
11 269,

[ΙΙΙ 432,

11 472,
11 477,

1 81,
11 253,
11 348,
11 211,
11 231,

1 319,
11 222,
11 274,
11 477,
11 666,
11 482,
11 366,
11 346,
111 479,
11 164,
11 168,
11 132,
11 477,
11 260,
11 638,
11 152,
V'587,
11 390,
11 128,

’ 1n1 30,

11 362,
11 38,
V1 481,
11 151,
11 10,
11 266,
V 469,
11 472,
11 461,
ΙΙ 289,
ν·483,
11 277,
11 293,
11 242,
11 257,
11 277,
11 281,
11 208,
11 201,
11 63,
11 319,
·v 469,
11 63,

remed. amor. 236 V 576,

704

11 96,

INDEX SCRIPTORVM

9
14
21
11
13
1
14
13. V 41, 10
19. 491, 9
14
3
14
18
4
14
17
16
16
21
26
17
26
36
16
7
2
22
11
2
2
1
16
6
17
13
22
82
4. 233, 15
9. 52, 6
14
14
5
8
3
22
3. 289, 1
21
2
15
12
16
4
17
14
12
16
18
17
19·

Ovidius trist.
x} ‘¹12 {9

VI 291, 17
V 572, 11

Paconius I 499, 31

Pacuvius l 66, 21. 83, 6. 109, 24. 134,
16. 499, 31*. 11 209, 19. 469, 6. 611,
12. 111418, 3. 1111661, 38*. 637,17*.
663, 16. V 187, 11. 206, 28. 278, 21.
319, 32. Vl 77, 7. 613, 7*. 614, 3*,
13. V11 291, 20
in Antiopa I 101, 20. 345, 2
111 Armorum iudicio Ι 195, 1
111 Chryse 11 254, 7 (η. add.)
in Duloreste II 182, 8
111 Hermiona. I 400, 25. 401, 6
111 Medo l 91, 18. 102, 23. 133, 3.
269, 4. 382, 17. 453, 3. ΙΙ 87, 19. 623,
17. 111 9, 14
in Niptris Ι 63. 20. ΙΙ 260, 4
111 Paulo ΙΙ 196, 7
111 Periboea ΙΙ 512, 7
111 Teucro ΙΙ 135, 16. 182, 11
Pacuvii tragoediae Orestes Chryses I
490, 12. praetextatae Brutus Decius
Marcellus Ι 490, 13
satira I 485, 33

Paeon Ἦ 499, 21

Palaemon, Remmius 1 187, 1. 225, 5.
226, 1. 231, 1. 232, 11. 238, 23. 403,
18. 416, 16. 11 35, 27. 1111661, 3*. V
375, 8. Vll 214, 24

Pansa V 378, 24

Papirius (⁴2) 1111 542, 16 (v. aad.)

Papirianus ΙΙ 503, 16. Vll 147, 7. 158,
9. 212, 25. de orthographia 1127. 11.
593, 14. ap. Cassiod. VII 162, 6 11
31, 2

Paterculus v. Velleius

Paulinus V 571, 17. 580, 20. 581, 17,
24. 582, 12. 584, 14. 585, 20. 589, 18.
694, 7. Vn 233, 16. 247, 33. 248, 3,
23. 249, 18, 22, 29, 36. 266, 7, 16.
251, 6, 10. 262, 4. 266, 2

Paulus l 126, 31. 217, 30. 241, 2. in
Coelii historia libro I I 143, 9

Periclymenus Vl 609, 2

Perimedes Vl 609, 2

Persinus Vl 589, 21

Persius Flaccus l 327, 30. 485, 32
prol. 1, 2 Vl 560, 1

sat. 1, 22 11 167, 18
24 sq. ΙΙ 238, 17
26 1 86, 18
28 111 226, 9. 342, 4
29 I 499, 23
33 Vll 186, 6
34 V 480, 30
34 sq. 11 398, 3
37 1111 574, 8

