INDEX SCRIPTORVM

534
Vergilius bucolicon
5, 89 711 463, 24
6, 3 sq. 11 525, 21
5 VII 542, 42
9 71 467, 30
9 sq. 111 245, 3
13 1111 225, 15
15 1 107, 25
18 I 119, 28
19 V! 453, 1
20 711 610, 26
21 1Π1 18, 26
29 711 476, 17
44 V 119, 8
47 1111 219, 23. V 100, 20.
V1 31, 25
53 Vll 52, 19
64 V 451, 13
58 sq. III 79, 13
51 1111 259, 8
52 Ι 463, 36. 1111 209,
20. 393, 31. 445,
35. V 291, 16
62 sq. 11 66, 7. 166, 2
66 71 215, 10. 711 340,
22. 464, 27
76 ΠΙΙ 395, 15
85 711 469, 14
7, 1 ΙΙΙ 65, 6. 79, 9. 1111
247, 33. V 67, 17.
VI 114, 32
4 1 457, 19
6 V 524, 39. 545,7.V11
500, 5
6 711 468, 9,
8 [ΙΙΙ 149, 7
11 11 476, 11. 558, 21
15 711 459, 1⁴1
17 71 203, 28. 711 502,
19 VII 490, 31
21 ΗΠ 231, 10. 711 423,
21 sqq. 1,,418, 13
33 11 263. 2. 1111 260,
1. VII 333, 17
37 V 35. 10. 147, 3.V11
644, 16
38; 42 71466. 28
47 1111 252, 4
66 71 233ῑ 10*
58 VI} 490, 32
8, 4 711 505, 2
13 Ι 136, 26
16 711 478, 24
19 sq. 111 275, 19. 326, 23
21 ΠΙ 302, 18. 319, 21.

22 sq.

Vl 73, 32. 110,

30. 123, 12. 142,

22. 378, 1770
11 177, 2

Vergilius bucolicon

8, 27
28
30
32
34
41

43

55 3q.

711 643, 17
1 269, 2. 11 144, 15
Vn 511, 6
111 321, 16
1 414, 24.V11417,5
111 86, 11. V 251. 22.
519, 17
1 16, 11. 436, 28. v
232, 35. 403, 22.
638, 14, 71 28, 17.
525, 9
1111 225, 15
V 107, 7
V 389, 23
Ι 29, 19. 642, 26
11 466, 28
71 108,31.377, 1730.
711 463, 30
111 228, 27 ,
711 543, 28
711 469, 6
1 238, 10
1111 231, 13. 71 113,
1 342, 14. 11 413, 5.
ΠΗ 412, 25. 504,
41. V 218, 21
Π 223, 7. 339, 13.
111 523, 24*
VII 543, 27
11 398, 8
1111 230, 29
ΗΠ 264, 14. V 59, 10
711 455, 24
VII 493, 9
71 218,11.711264,6
1 215, 2. 111 350, 7.
vl 221, 4. vn 259,
22. 360, 10
1111 223, 5. 229, 22
1111 252, 18
ΠΙ 317, 6
1111 238, 25. V 648, 27
1111 262, 9
1111 264, 1
111 180, 4. 191, 28
711 510, 25
711 271, 15
Vn 482, 3
11 425, 13. 467, 7
111 86, 29. 89, 26. 479,
24. 484, 26. 711
643, 21
711 451, 28
711 643, 21
VII 543, 23
1111 235, 24. 558, 16.
7 67. 27. 618. 18
1111 213, 20. 71 448,

