INDEX SCRIPTORVM 599
Horatius satir. Horatius satir.

1 1, 78 34. III 218, 10 II 4, 90 II 354, 4
94 V11 421, 10 5, 28 11 48, 21
94 34. 1 228, 10. 394, 14 59 11 288, 9
119 11 144, 8 8, 31 11 340, 23

2, 31 vn 544, 8 7, 14 111 135, 17
-3134, 111 208, 19 35 V 481, 10
34 V 477, 19 38 111 322, 9

37 Vl 87, 7 109 34. 11 347, 20
44 11 496, 6 3, 1 111 131, 96
46 V 454, 4 934. 111 71, 99
71 11 479, 19 9 11 212, 19
31 11 933, 9 10 34. 11 333, 1
89 Ι 101, 7. Π 160, 14 11 11 360, 90
190 111 330, 14 16 11 72, 3
3, 13 34. 11 241, 28 29 34. 111 107, 1*
66 V 480, 19 · 78 ΙΙ 521, 11
4, 43 34. 11 473, 12²⁸. 671, 3 86 89· 11 265, 19
107 34111 104, 28 89 sq. 111 136, 13
5, 24 V 484, 28 epistul.
35 11 52, 15 Ι 1, 60 111 369, 9
40344111 128, 19* 9, 97 34. 11 295, 16
46 1111 909, 13 ‘ 53 1111 195, 30
6, 38 111 211, 16 79 34. 11 273, 1
49 34. 111 78, 28. 87, 8 6, 7 1111 432, 23
58 111 83, 14. 75, 9 82 34. 11 134, 8
125 V 485, 2 7, 99 1 287, 5
8, 1 111 81, 24 87· Π 470, 14
5 11 127, 18 91 11 305, 1
17 V 400, 93 8, 38 Π 190, 13
37 34. 11 495, 8 11, 934. 11 358, 7
39 11 155, 3 12, 9 V 481, 14
48 11 515, 4. V 471, 13 13, 6344111 999, 7
9, 13 1 96, 6 10344111 999, 11
47 344. 11 473, 8. 508, 17 14, 41 111 271, 23
54 1 386, 21 15, 17 1111 511, 19
69 3911- 11 515, 2 22 11 315, 93
⁷6 V 484, 19 18, 20 1 288, 17
¹0. 3 V 348, 26 79 11 183, 17. 961, 9
21899111 101, 24 73 34. 11 301, 8

ἔξ V 467, 99

Π 1, 16 34. 11 936, 94
43 34. ΙΠ 36, 19

110, 19
199 1 98, 6
9, 10 V 470, 22

23 34. 11 485, 28

V 109, 118

44344. Π 508, 22 (v. add). 111

17, 30 34. 11 346, 6

ι 119 111 913,13*

19134. 11 340, 12
3, 6034. 111 75, 18
97 111 101, 21

18, 40 V 476, 3
79 V 78, 5. 280, 30

98 111 229, 15

19, 5 11 488, 22

45 34. 11 348, 9

20, 19 11 361, 93

97 11 369, 94

11 1, 10 11 480, 8
17 11 501, 28. 669, 9

33 V 477, 31

11734111 311, 3. 418, 9

183 11 991, 16
137 11 990, 3
946 1 552, 12
310 34. 11 907, 19
4, 1 111 83, 18
99 V11 542, 8
33 V 578, 11

122 V11 544, 31
1233 127 VII 544, 32

128 V 481,

38

145 VII 644, 99
15ὃῖιέἓο ἕξ ἓὲῗ 3?
180 VII 544} 33

195 ΙΙ 913,

194344. Il 144, 20

13

195 34. ΙΙ 156, 7

