INDEX SCRIPTORVM

Vergilius georgicon
111 381

384
386

389

1111

400 sq.
402

403
406
428
434
435

442
449

450

481
484
499
495
498
499
514
548
550
553
555
9
34
35
35
40

47

58
59
62
64
69
80
81

sq.

86
88

90
98

99

109
120

71 455, 95
711 953. 94
1111 939, 91
1111455,1. vn 241,
7. 329, 10
11 485, 10
111 54, 3. 195, 4. v
585, 1
111 353, 20
1111 250, 5
71 358, 1104
11 335, 27
1111 251, 11. Vll 105,
1111 221, 9
V 589, 93. 71 919,
91. 537, 15. 711
989, 9. 809, 39.
339, 22
1 91, 27. 11 358,19.
7 587, 14. 71159,
17. 155, 3. 994,
95. 319, 19
v 352, 17
1111 247, 15
1111 542, 21
7 587, 18
7 400, 18
1111 249, 12.V519, 12
1111 253, 19
1111 454, 33. 711941,5
1 323, 25. 7 145, 99
1 419, 9. 711 415, 15
1111 251, 9
IIII 225, 13
1 105,31. 711959,3
11 175, 17
1111 262, 10

187, 22. 131, 99. -

· 711 110, 4
111 292, 12. vu 501,
711 473, 11
V 232, 24. 305, 4
VII 478, 2 “
1 450, 3
11 497, 94
711 504, 7
11 282, 3. 11115, 17.
21, 25
1111 251, 7
155, 23. 119, 27.
711 954, 33
711 455. 15
711 459, 23
1 370, 8. 11 481, 2.
490, 10. 530, 11.
531, 11. 545, 9
VII 477, 12
11 475, 13 558, 23

639

Vergilius georgicon

1111 125

135
138
139
145

154.

156
157
158

160

161 sq.

165
167

168
169
175
181

182
184
185
189
191

193 ’

198

207
223
228
239
241
241
256
260

261
267
268
271
279
285
291
292
293
300
309
310
312
313
315
315
318
331
341
347
358

sq.
sq.

sq.

sqq.

1111 935, 5. 959, 7. 711
118, 3. 279, 27.
491, 9

11 270, 5

1111 990, 3

v 479, 98
1 144, 23

711 453, 11

711 459, 3

711 489, 97

11 353, 19. 711 484,
1 131,20.V11110,4
11 351, 12

111 54. 93. 79, 8

1418, 27. v 585,
13. 711 493, 97
71 210, 21. 711 338,8
1 319, 17
711 71, 15
1312, 22. V 933,
15. 711 497, 18
1 548,13.711958,9

711 504, 99

1111 245, 5. V 55, 30

711 484, 13

11 433, 18
7 481, 5
11 353, 14. 711 478,
711 499, 25
71 514, 9
71 937, 17*
111 229, 2
11 539, 23
11 127, 2. 435, 11
71 513, 31
1991, 10. 111 53,
15. 1111 249, 5
11 519, 7
vn 510, 10
1 328, 93
711 494, 14
1111 935, 7
1 81, 5
7 472, 33
711 481, 95
1111 510, 97. 517, 29
7 584, 99

711 513, 99

1111 95, 18. 71477, 17

1111 947, 3

7 439, 7
v11 429, 21
1 437, 31
1111 930, 18. 495, 8
711 493, 12
111 507, 33
711 489, 5
1111 935, 14

