INDEX SORIPTORVM

Vergilius Aeneidos

5 x 1 1 495, 19. 498, 20.

498, 18.111 504, 2.
VI 72, 3. 119, 4.
Vn 888, 8

2 V1 78, 30

5 1111 953, 94

5 1111 559, 7

3 V11 450, 18

17 V 119, 20

18 IIII 222, 21

31 111 59, 99

49 1 413, 91. V11 999,
10. 418, 9

47 Vl 455, 5

59 Vll 480, 18 ·

85 1 430, 99. 1111 999,

57 11 314, 9

53 1 441, 95

75 V11 493, 99

79 VII 458, 22

81 VI 828, 13

99 V11 588, 9

99 1111 282, 28

99 sq. 1 439, 9. 459, 19

94 V 57, 9. VII 493, 2

98 1111 231, 21

101 V 59, 97

108 1 390, 4. 1111 557,
17. 'V 885, 99

115 1 555, 97. 11’11 210,
5. 5’89, 2. V40, 3

199 11297, 15

137 sq. 111 914, 9

144 1 440, 18

149 Vll 488, 93

149 111 353, 18. 1111 397,
91. V 301, 93. Vl
458, 15

149 sqq. Ι 280, 20. 444, 93

154 V11 490, 9

155 Vn 395, 8

158 sq. 1155, 3. 393, 31.
335, 17

183 111 937, 19

154 1 454, 24

188 11 335, 94

159 VII 514, 19

170 V 244, 12

179 sq. 111 845, 91

179 V11 489, 13

179 11 71, 5

190 1111 398, 3. V 802, 80.
V1 458, 5

180 sq. Ι 991, 13. 445, 9

193 11 134, 8

184 1 412, 5. VII 415,

195 V11 488, 10

663

Vergilius Aeneidos

X 199

207

207 39.

209
210

910 sq,

213
218
222
223
225

226

228 39.

239
248

254 39.

261
263
265
267
273
276
29 1
303
306
308
310
317
324
333
355
359
381
362

366 39.

368
375
383
391
394

397
407
411
415
41 7
421
422
432

1 84, 18. 187, 30.
543, 22. 11 209,
15. 1111 9, 85. 528,
24. Vl 475, 7
11 77, 1
111 414, 5
1111 994, 30
1 409, 18.V11512, 5
111 855, 8
111 415, 23
Vn 492, 28
1111 185, 14
V11 70, 3
1111 933, 95. V11 484,
11 388, 11
11 937, 91. 111 147,
19. 910, 99
ΙΙΠ 995, 7
V11 454, 25
11 187, 13. 395, 10
1111 885, 81. 890, 28
1111 954, 3
11 285, 17
1 454, 30
1111 439, 12.V 248, 27
1111 251, 19
1 278, 11
V 578, 5
VII 488, 4
1111 287, 7
111 497, 22
1111 528, 28
1111 280, 8
1111 183, 8
1 399, 3
1111 249, 1. V11 498,9
V1 447, 28
vll 851, 22
111 83, 2. 138, 21
1111 195, 81
1 487, 22
V 828, 25. 851, 25
11 300, 11
1 279, 20. 328, 80.
449, 38. 11 300, 14.
1111 282, 25. 284,
18. 389, 9²¹². 874,
1. 397, 3. 494, 23.
587, 94. V 119, 90.
999, 14. 341, 8. V1
930, 15. 949, 10
1111 281, 2
1111 282, 5
11 830, 21
1111 541, 91
V11 480, 18
1111 288, 2
V11 541, 28
11 480, 7

