664 INDEX SCRIPTORVM
Ver'gih'us Aeneidos Vergilius Aeneidoss
⁴ x 436 V11 459, 17 X 677 11 358, 9
438 V11 491, 22* 681 sq. 111 347, 3. 359, 7
445 11 303, 9 333 V11 491, 17
453 1 374, 11. V 383, 33. ’ 704 V11 501, 9
V11 464, 22 705 1 39, 30. 1111 537,
457 V 573, 7. V11462,7 16- V1 478, 20
470 V1 465, 22. 469, 18 707 1111 246, 16
470 sq. 111 100, 33 711 V11 484, 7
431 1 373, 33. 441. 33. 716 VH 486, 1
1111 263, 15 ζὲξ ng {g} ἓ,
‘²⁹¹ 1111 ²³¹² ²* 737 sq. 11 403} 4. 471, 5
493 1111369, 3 . 434, 13. 736 V11 495 4
479, 2. V 29, 33. 743 VI 444³ 27
110, 24. 117, 19. , 745 VI 463’ 23
V1230‚ 12. 242,6 743 1 235: ¹3 .
501 Vll 495, 2 753 sq. 111 393, 14
507 III 90, 21. Vl 447, 10 761 VI 463 13
515 IIII 214, 1 762 V 548: 25
515 sq. II 225, 2. 300, 19 764 1111 396, 21
513 V 439, 23. 433, 3 733 1111 252, 30
523 V11 514, 22* 777 V11 120, 8. 335, 1
524 IIII 535, 19 778 V 402, 7
534 111 279, 1 779 1111 12, 24
540 V 477, 21 733 V11 506, 12
544 11 574, 11 733 sqq. 11 238, 11
545 IIII 17, 30 788 1 87, 6
548 111 79, 16 798 sq. 111 303, 13
583 ῙῙῙῙ 479, 14 827 VH 490, 7
586 V11 482, 11 333 1 104, 21. V 574, 3
586 ⁸9· ΙΙ 828, 7 341 Vll 355, 33
587 89· Ι 414, 16 343 V11 502, 12
597 III 38, 8. 85, 23 846 ⁸2· 111 102, 6
600 Vn 589, 2 333 1111 343, 4
611 VI 28, 13 375 1 192, 5
627 IIII 244, 24 335 V11 484, 10
628 sq. III 284, 10 892 ⁸2· Π 241, 23
330 1111 351, 14 905 vn 453, g
638 ⁸9- 11 395, 20 xl 1 1 496, 7. 111 507,
341 11 399, 3. 530, 26. 20, VI 73, 17
543, 28- 111 468, 7 , 1 11, 7. 1111 257, 3.
64 339, 13*. 433, 5.
644 V11 486, 9 435, 3. 479, 24. V
649 I 66, 16. IIII 229, 28 14, 30, 3, 111
23. 246, 2⁷· 2⁶1, 3. 'w 230, 23. 2421
11. vn 360, 10 13
353 V11 459, 24 12 V 309, 24
333 111 34, 1. 148, 19 13 sq. 1 431, 1
333 sq. 111 33, 3 13 VI 22, 20
664 111 193, 10 37 1111 533, 33
333 Vn 484, 24 41 sq. 111 110, 1
333 1 435, 19. 111 101, 43 VI 22, 9
19. 433, 3. 1111 47 sq. 11 359, 14
372, 11.V 132, 24. 50 111 64, 13. 73,17. 79, ‘
400, 6. vl 194, 7. 6. 86, 37
375, 9. vll 331, 53 1111 228, 34
10. 380, 4 55 1111 392, 20. 397, 1
670 1111 237, 36. 238, 3. 73 Vn 490, 3
242, 12 76 sq. 111 318, 9. 346, 27
671 1111 261, 21 79 V 481, 19

