660

INDEX SCRIPTORVM

Vergilius Aeneidos

VIII 233

235
245
245 sq.
248
251

259
260
261
263
268
268 sq.
273
274
284
299

313
316
331
384
338
“ 340
343
344

sq.

sq.

347
351

351
358
360
362
366
368

sq.

369
370
373
396
396 sq.
402
404
405
405 sq.
406
409

420 sq.

423
425
426
42 7
429
433

11 164, 18. 1111 209,
20. V 48, 15. 160,
20. 591, 4
711 496, 14
711 416, 17
1 413, 31
711 486, 17
1 414, 2. 711 288,
16. 416, 18
1111 254, 29
1 865, 11
711 511, 8
11 856, 18
V 548, 22
111 48, 16
111 86, 18. 286, 14
1111 239, 27
1111 128, 27
1111220, 23. 227, 8.
711 469, 18
11 300, 23
V 565, 36
11 827, 23
1111 251, 8. 71 121,15
1111 519, 5
Π 416, 4
V 500, 36
11 216, 5. 1111 9, 19.
228, 18. V 425, 9.
71361, 1223. 474,
1111 559, 21

1111 226, 28. 71 469,-

111 315, 6
711 494, 16
1111 16, 11*
711 507, 9
7 523, 14
7 598, 17
1111 479, 27
11 15,13.711470,21
1111 896, 21
111 246, 19
111 256, 21
1111 528, 14
1111 525, 16
71 467, 25
1 275, 3. 460, 17
1111 447, 18
11 269, 16.111124,7.
711 512, 29
11 448, 26. 479, 24.
481, 14. 521, 4
11 26, 21. 111 64, 5
71 37, 8. 362, 1252
1111 36, 6. 71 488, 2
ΙΠῙ 224, 25
1111 12, 8
711 488, 11

Vergilius Aeneidos

7111 488 sq.
436
440
445
446
447
453
457

458
459
460
466
468
470
470 sq.
472
475
478
480
483
484
515
521
530
537
540
546
556 sq.
558
560

561

576
577
596

597

599
608
610
616

625
630

631
637 sq.
641
643

646
648
649

111 300, 23. 314, 2
1111 36, 7. 71 488, 3
II 545, 4
711 474, 11
Ῑ 92, 26
7 40, 21
1 95, 1
11 891, 25. 711 479,
71 361, 1213
VII 510, 28
II 217, 18
ΙΠῙ 225, 6; 22
11 561, 5
ΙΠῙ 250, 2
H 342, 26
11Π 255, 6
71 445, 26 ¹
1111 246, 31
711 458, 22. 480, 13
11Π 448, 5. 7 800, 7
71 626, 2
1 236, 6. 11137219
1111 225, 18
71 598, 3
111 313, 20
1111 229, 28
IH 195, 10
111 291, 17
11 224, 21
Π 580, 23. 543, 21.
· ΙΙΙ 463, 32. 1111
443, 26. 510, 13.
7 399, 8. 71 31,
32. 514, 25
11 165, 22. 388, 18.
III 185, 22. 201,
24. 7 346, 9
1111 245, 18. 261, 25
VII 501, 3
1499, 29. 71 501,
10. 511, 3. 615, 20
11 184, 5.111 46, 23.
291, 15
VI 546, 6
71 204, 24
71 230, 11. 242, 5
11 267, 6. 111 54, 8.
1111 390, 30
11 588, 18
1 441, 9. 452.⁰- 1111
263, 3. 7 388, 4
1 278, 11
11 65, 4
71 459, 5
711 351, 21. 711 491,
V 284, 31
ΙΙ 64, 18. III 482, 6
71 459, 27. 711 507, 4

