556 INDEX EXEMPLORVM CICERONIS SALLVSTII TERENTII VERGILII

Vergilius bucol. 8, 93 493, 9 Vergilius gom-2³11 283 496, 8
9, 21 510, 25 245 495, 28
24 482, 3 314 497, 29
34 451, 28 348 458, 2
63 495, 31 IV 47 591, 13
10, 16 501, 18 53 473, 11
32 498, 14 52 473, 2
46 471, 31 80 504, 7
georg. l 14 461, 11 90 465, 15
17 451, 19 98 459, 23
54 485, 27 199 477, 12
198 471, 14 125 491, 9
127 482, 25 154 453, 11
183 489, 3 155 459, 8
187 479, 15 , 157 482, 27
211 514, 15 158 484, 11
243 489, 13 181 497, 18
245 493, 3 184 504, 22
271 493, 11 189 484, 13
275 473, 15 198 478, 13
289 452, 4 297 499, 25
299 455, 17 257 519, 19
337 484, 8 271 494, 14
355 591, 12 292 481, 25
359 512, 15 399 513, 29
399 457, 39 331 493, 12
438 485, 19 347 489, 5
442 485, 10. 505, 20 352 455, 14
11 1 512, 19 358 472, 14
4 497, 15 379 457, 25
18 599, 11 493 595, 4
24 455, 7 428 455, 5
28 459, 14 447 471, 39
59 495, 29 472 488, 28
75 478, 1 478 485, 5
95 459, 7 482 434, 22
131 597, 7 499 599, 7
134 455, 3 597 474, 15
135 492, 5 514 474, 14
155 474, 12 559 598, 14
222 473, 18 552 455, 8
223 50¹, ‘1 Aen. Ι 24 451, 18
243 478, 3 · 38 449, 15
384 511, 1 79 453, 27
386 489, 25 80 498, 1
448 486, 13 137 492, 22
451 478, 21. 493, 15 142 453, 5
463 478, 11 159 492, 25
467 494, 24 . 174 471, 25
595 458, 15. 454, 3 173 473, 25
111 7 458, 9 299 454, 17
13 592, 7 219 449, 21
31 473, 22 215 473, 18
53 512, 3 253 595, 27
58 591, 14 273 475, 21
84 513, 7 295 598, 21
115 483, 25. 487, 19 335 453, 25
157 519, 39 377 459, 5
219 497, 27 885 · 594, 19

225 459, 23 449 451, 1
231 497, 24 447 495, 23

