 

INDEX SCRIPTORVM 597

Horatius carm. ⁶ Horatius carm.

1 9, 3 111 460, 7 11 5, 8 69. 111 50, 12
5 7 275, 33 6, 5 11 74, 5
5699. 1 411, 3 7, 3 1111 195, 23. 432, 24 7
7 71 541, 19 42, 21. 176, 33. 711
10 71 541, 7 543, 1,
12 71 269, 26 17 11 321, 10. 711 542, 44
10, 1 11 302, 7. VI 167, 11. 19, 25 711 543, 2
302, 5. 535, 13 6, 21 711 544, 5
10699.111 222, 10 9, 7 711 544, 7
11, 1 VI 150, 23. 167,23.259, 12, 1 VI 585, 26
31. 296, 15. 405, 13, 569. 111 256, 16
2716. 534, 14. 536, 21 VII 125, 10
3. 537, 3 3969. 11 216, 3
2 71 536, 17 14, 1 82· 1 445, 26
6 111 247, 14 5 VII 544, 7
6 71 535, 22 25 VII 544, 9
12, 1 VI 157, 21 ‘15, 1469. Π 218, 9. 387, 7
20 1111 225, 9 17, 27sqq.111 267, 1
37 69. 111 216, 19 · 18, 1 1 510, 22
41 1 104, 24 169. 71 136, 16. 163, 13.
13, 1 71 166, 5 . 172, 26. 173, 15.
2 V11 93, 3 270, 19. 302, 15.
14, 17 1111 246, 33 399, 2472. 530, 3
15, 5 71 145, 1. 151, 17 2 111 460, 10. 71166,34.
569. 11 344, 4 173, 13 16
1669. 111 227, 9 3 71 530, 6
16, 3 1 510, 1 7 71 530, 8
16699111 137, 25 789- Ι 100, 17
17, 1 69. 111 296, 6 19 71 530, 5
4 1 510, 6 22 71 530, 17
13, 1 1 510, 11. 71 150,30. 27 71 530, 21
163,1.405,2717. 539,3 36 71 530, 12
6 71 536, 21 19, 5 111 73, 17
15 V 156, 35 7 ΠΙ 73, 15
19, 1 71 119, 13. 260, 13 29 1111 28, 27
20, 1 71 157, 22. 266, 24 111 1, 1 71 591, 7
22, 1769. 71 157, 1 17 1111 419, 30. 7 275, 30
24, 969. 11 302, 10 17 69. 1 269, 15
25, 17 71 157, 14 4, 69 111 162, 12
26, 1 71 170, 22 6969. 11 266, 7
2 71 74, 17. 170, 24 5, 10 1 62,17.11112c-3‚25*.
3 71 156, 21 V 43‚9.163,21.196,15
29, 769. 1 104, 26 51 711 64, 23
30, 2 1111 229, 15 6, 10 11 513, 5
31, 13 1 323, 25 41sqq.11 357, 17
33, 269. I 485, 3. ΠΙ 138, 3 8, 9699. 111 188, 19
369. 111 266, 21 14 7 107, 22
34, 3 7 461, 11 9, 1 71 119, 15
36, 6 1 266, 6 ¹ 969. 111 300, 15
14 1111 29, 6. 71 460, 17 11, 51 V 555, 16
23 1111 23, 23 12, 1 1 510, 23
37, 22 69. 111 263, 5 1 699. 71 53, 3. 64, 23. 91,
36, 7 711 543, 14 12. 129, 27. 146,17.
11 1, 3 71 541, 10 169, 3. 269, 23. 303,
36 711 543, 6 1. 367, 2067. 542,
2, 3 71 156, 26,· 162, 27 12. 613, 19
17699111 266, 25 - 2 71 616, 23
19699111 227, 25 13, 3 71 119, 27
3, 6 7 572, 23 14, 969. 1 66, 1

16 7 464, 26 13 69. 111 169, 13

