INDEX SCRIPTORVM 645

Vergilius Aeneidos Vergilius Aeneidos

 

1 753 v 495, 1 11 36 sqq. 1 418, 1
755 Vl 37, 14 37 1111 394, 20. V 74, 24
11 1 1 176, 15. 255, 8. 38 111 346, 10
111 113, 14. 459, 39 1111 208, 12
14. v 532, 4. 111 46 V11 429, 7
286, 13. 463, 20. 46 sqq. 1 438, 31
606, 4617, 2. 623, 46 111 97, 26
12. 524, 9 48 1 434, 30. 11197, 23.
2 1258, 11. 377, 7. 1111 145, 19
498, 8. 111 86,14. 49 1 417, 26. V 621, 7.
139, 17. 11 592, 1111422, 28
13. 111 128, 25. 61 11 163, 2. 259, 2. 1111
376, 1683. 386, 207, 26
2008. 448, 23. 505, 52 V 674, 21
10 617, 8. 1111 64 1 438, 12. 111 446,
333, 10 15. Vn 428, 19
3 VII 340, 11. 421, 6 66 1111 484, 4
3 sqq. 1 228, 4. 394. 7. 395, 66 1428, 14. V 648,
25. 497, 22. 498, 28. 11136,24. 197,
20.V155, 19. 153, 17. V11 55, 22.
5. 213, 27. 214, 328,11
28. 284, 28. 376, 67 111 448, 19
1687. 408, 2832. 60 V1 472, 13
504, 20 61 111 216, 6
4 1 408, 15.V519‚ 19 54 111 361, 9
5 11 679, 11. 111 207, 58 1111 523, 10.V1 537, 28
2. 290, 8. 500, 36. 69 1111 227. 1. 266, 2
, V1 644, 13 71 1111 149, 21. V 77, 29.
5 aq 111 191, 26 V11 288, 12. 354,
5 Ι 342, 20 8. 416, 10
6 sq 11 247, 7. 413, 7 71 sq. Ι 413, 23
7 Vl 457, 29 74 1111 477, 28
8 1 270, 14. 1111 512, 81 1 342,19.11413, 10.
14 1111 164, 16
8 sq. 11 390, 17 82 1 58, 15. 124, 10.
10 V 524, 36. 646, 3 323, 28
11 111 22, 13 84 Vl 470, 2
12 1 227, 29. 253, 15. 85 11 486, 8. 492, 11.
390, 9. 393, 32. 669, 20. 111 222,
11199,10. V1457, 5. 1111 489, 8
27. 1111 420, 23 87 1111 83, 5
15 V1 454,31. v11483,3 89 1 259, 10
15 1111 425, 19. V120, 3. 90 1 58, 23. VI155, 18
V11 249, 3 93 111 281, 3
19 1111 395, 14. V 294, 30. 98 1111 208, 9. V 345,18.
vn 485, 1 Vn 293, 28
19 sq. 11 350, 17 98 sq. 1 74, 21
20 1111 230, 23 99 1 21, 17. 538, 35.
21 Ι 274, 11 548, 17. 1111 431,
22 1 469, 21 28. V 40, 23
25 1 266, 13. 1111 242, 100 Vl 458, 16
6. 392, 12. V 324, 103 111 82, 16. 307, 16.
6. 388, 6 . 479, 28
27 V 371, 18 104 vl 22, 21
28 V 55, 8 105 11 430, 9
31 111 268, 3 106 1111 480, 5
32 111 319, 10 108 1 217, 20. 1111 249,
35 1111 227, 6 17. Vl 470, 5
35 11 258,12.V11423,5 109 vll 473, 25
35 sq. 111 115, 17. 196, 16 110 ν 20, 21. V1432, 28

