600 · INDEX SCRIPTORVM

Horatius epistul.
ΙΙ 1, 217 11 222, 17·
2, 159 v 480, 7
170 VII 125, 6
184 Π 245, 15
de art. poet.. 11 VII 542, 24
13 VII 542, 25
20 Vll 542, 25
32,35 VII 543, 38
42 VII 543, 39
47 sq. ΠΙ 254,· 15
50 VII 543, 39
55 sq. ΠΙ 271, 10
55 V 512, 17
. 60 V 328, 4
80 sqq. 1 400’ 10
63 899. 11 267, 23
85 1111 452, 32. V11238, 1
73 VI 50, 15
75 1 202, 25
75 399. VI 510, 3
00 VI 519, 12 ,
100 ΠΠ 415, 1
139 1111 25, 8
179 1 490, 24
192 1 490, 28
220 VI 82, 5
220 899. I 487, ·16. 491, 7
251 VI 518, 15. 528, 20
25439971 285, 19. 518, 18
257 vl 519, 1
275 899. 1 487, 57
288 1 489, 21
298 IIII 431, 31. V' 162, 31
350 1111 242, 35
377 1111 223, 9
414 111 331, 15
459 Ι 204, 5
’ praeterea primi versus omnium carmi·
num quae sunt in quattuor carminum
libris et in libro epodon scn‘pti stent
im commentarit} de metris Horatianis
I 518, 25 399. et IV 468 399. iidem
versus ordine ”tetrorum dispositi le-
yuntur VI 174 399
Q. Hortensius 11381, 10. Hortensius pro
G. Rabirio Ι 125,1
Hostius in Ι anuali, ΙΙ 270, 8
Hyginus de agri cultura II I 142, 15.
111 Cinnae propemptico Ῑ 134,12
Hymenaeus VI 509,1
h ni VII 244, 8
yperides VI 608, 5
adv. Aristogitonem III 299, 20*
Δηλξακῷ ΠΙ 334,
κατὰ ,Δημοσθένουςγ 111 324,19
ἐν τῳ κατὰ Πασικλέους lli 299,1
ἐν τῷ περὶ τοῦ ταρίχους ΙΙΙ 195, 9

Ibycus 1321, 30. 328, 20. Π 278,10.
VI 128, 8. 255, 9

incerti poetae Ι 13, 20, 22. 270, 6.

271, 5, 10. 272, 13, 24. 275, 25,
28. 275, 10. 285, 13. 287, 4. 375,
22*. 447, 4. 440, 24. 451,11. 457,
8, 25. 451, 24. 452, 21. 405, 23. 499,
14. 511, 30. 512, 34. 111 421, 25.
1111 350, 10*. 304, 5, 13. 401,17. 402,
7. 423, 0. 424,.30. 470, 15, 20. 554,
3. V 118, 30. 237, 14, 15. 280, 20.
201, 27, 20. 204, 3. 205, 7. 310, 3, 4.
387, 38. 449, 8. 573, 31. 570, 17. 530,
13, 15. 581, 3. 591, 20. 593,1. V179,
18. 230, 18. 242,12. 252, 15. 350, 1454.
375, 1701. 380, 1348. 385, 2045. 387,
2050. 400, 2517, 2533. 403, 2532. 400,
2857. 458, 12, 451, 28. 452, 1. 453, 5.
813, 7, 10. 514, 3*. 515, 15*. 515, 1*.
522, 11. 535, 30. vn 158, 4. 232, 8.
333, 14, 15. 340, 3. 387, 13, 15
antiqui vl 28, 4, 9. 88, 28. 139, 3.
217, 4. 280, 37. 255, 11

choliamborum scriptores VI 136, 30
Colophonius quidam VI 117, 11

comici Ι 103, 29. 195, 21 (v. (κάει), 24.
242, 3. 284, 18. 285, 0. 285, 2. 345, 5.
II 215, 18 ΙΙΙ 418, 16. V 18. 21. 153,
17. 162, 16. 269, 18. Vl 56, 4. 71,
10. 78, 10. 80, 30. 81, 27. 83, 19. 85,
14. 95, 21. 98, 20. 104, 5. 124, 9.
129, 25. 135, 25. 139, 3. 173, 21. 265,
10. 271,1. 392, 2241. 396, 2394. 556,
22. 557, 22. 573,18. 83'0,8.g1·aeci
vetustissimi 111 418,19. in comoediis
I 330, 24. comoediographilIII38,17.
VI 490, 20 comoediae priscae auctores
VI 133, 2. 135, 26, comoediarum vete-
rum scriptores graeci V 601, 14. VI
151, 24. 255, 15

elegiarii poetae VI 607, 3

epici VI 56, 5

Faliscus, Faliscum carmen VI 112, 12.
123, 183 28. 379, 1816. 385, 1998
iambo aphi VI 81, 35. 132, 17
lyrici ς 143, 30. 213, 15. vl 57, 3.
58, 8. 59, 23. 38, 5. 05, 21. 05, 20.*
138, 23. 173, 21. 254, 4. 271, 1. 594,
25. 600, 17

novi VI 28, 11

recentiores, quorum nomina §indicata
‘non sunt Vll 230, 233 243 313 33. 231, 2;·
34. 232, 2, 22, 23, 25, 27. 233, 5.
240, 10. 242, 23, 30. 245, 20, 22, 28,
3ος 33. 246, 6; 13; 153 17. 247, 24;
263 28. 250,15’. 252, 8. 254, 16. 257,
6, 16. 258, 10. 259, 2, 9. 271, 20
satyricarum fabularum scriptores VI
trafiici Ι 242, 5. 275, 27. 273, 5. 280,
14 (υ. add). 281, 20. 283, 13. 284, 23
0, 13. 288, 7, 12. 287, 3. 280, 15.

