592 INDEX SCRIPTORVM

Demosthenes de falsa legat. Diomedes 366, 3 II 470, 13

131 Ρ. 393 111 434, 3 373, 3 11 485, 20
212 p. 407 III 327, 18 369, 25 II 499, 19
226 Ρ. 411 111 858, 8 869, 2 11 515, 16
adv. Leptin. 870, 12 11 535, 12
10 12· 459 ΠΙ 313, 3 Dionysius Olympius IV 581, 20
10 p. 460 111 288, 21 , Dionysius Thrax 111 492, 15. 501, 13.
30 p. 466 III 285, 19 IV 529, 7
91 p. 484 Ill 370, 4 Diphilus Ῑ 489, 5. VI 78, 22. 104, 5.
93 Ρ. 435 111 440, 7 557, 2. 564, 10
adv. Mid. Donatianus VI 275, 11. in senatu pro
5 Ρ. 515 111 321, 8 se 11 225 10
Olynth. Donatus lv‘ 405, 10. 408, 87. 419, 25.
1 5 Ρ. 10 ΠΙ 133, 20 431, 14. 435, 27. 439, 4. 441, 25. 443,
15 p. 13 - III 866, 19 20. 449, 6. 476, 6. 481, 12. 486, 8.
, 111 1 Ρ. 23 111 279, 7. 295, 10 493, 23. 513, 18. 521, 21. 552, 32. V
7 Ρ. 80 111 818, 21 9, 3, 3. 12, 34. 20, 19. 34, 19. 50, 18.
24 Ρ. 35 111 370, 15 55, 2. 32, 32. 93, 14. 93, 3. 99, 26.
33 Ρ. 88 111 327, 5 105, 19. 117, 29. 113, 13. 134, 7. 188,
adv. Pantaenet. 16. 140, 3. 149, 24. 151, 6. 156, 1.
1 Ρ. 933 111 172, 2 157, 20. 134, ,13. 133, 34. 133, 29.
58 Ρ. 932 111 859, 22 196, 4. 199, 82. 200, 11. 203, 7. 217,
de paee 20. 224, 80. 281, 15. 282, 17. 284, 22.
4 Ρ. 58 111 872, 8 240, 3. 243, 21. 270, 35. 274, 33. 273,
Philippicis 111 872, 11 25. 279, 13, 28. 280, 15. 281, 20. 233,
Philippicarum 6. 289, 6. 817, 4, 16. 819, 21. 320,19, 25,
Ι 1 Ρ. 40 111 871, 8 84. 828, 21. 825, 2. 323, 7. 327, 3,
9 Ρ. 42 aq. 111 842, 18 14, 24. VI 200, 24. 565, 3. 573, 23.
24 Ρ. 46 111 842, 21 577, 1. 344, 25. VII 161, 14. 214, 25.
39 p. 51 III 866, 19* 215, 26. 216, 3. 228, 31. 231, 27. 232,
11 10 Ρ. 68 111 292, 22 13. 241, 20. 251, 5. 424, 9
12 p. 69 III 295, 20 111 commento Aeneidos 111 61, 20. 266,
16 p. 69 III 282, 11.301,12 16. Donati artes cum commentis 31113
30 p. 78 III 828, 1 VII 144, 7
ΠΙ 12 p. 114 Ι 277, 1 art. grammat.
17 Ρ. 115 VI 568, 7 Ρ. 867, 15 11 7, 13
IIII 4 p. 132 III 842, 22 p. 367, 18 III 490, 25
10 Ρ. 134 111 878, 23 Ρ. 370, 30 111 414, 21
in Polyclem p. 372, 5 ΠΙ 505, 11
33 Ρ. 1225 111 173, 2 Ρ. 373, 1 111 481, 1
66 Ρ. 1223 111 176, 16 Ρ. 373, 5 111 284, 8
adv. Spudiam de dote - p. 375, 32 ΙΙ 260, 17
6 Ρ. 1029 111 303, 3 Ρ. 331, 14 111 482, 27
adv. Timocrat. Ρ. 382, 20 111'466, 28
9 p. 702 ΠΙ 371, 21 p. 386, 13 II 596, 10
19 Ρ. 703 ΠΙ 357, 3 Ρ. 339, 22 111 41, 16
de reditu 8110 epistula p. 390, 22 111 51, 19
Ρ. 1433 111 293, 5 Ρ. 390, 23 111 854, 20
Demosthenis quae fertur de corona. tri- Ρ· 891, 11 ῙῘῙ 2⁷, 20
emoh. 2 Ρ. 1223 111 876, 8 Ρ· 392, 2 111 91. 20
Deusseronomium vn 243, 9 commento m Ter. Andr.
dialectici 11 54, 5 111 3, 4 III 281, 14. 320, 13
Didius 1 887, 6 Draco V 610, ³⁹

Didymus 1 337, 3*. 11 15, 4 (v. aaa). duodecim tabulae Vll 1⁶, ¹2
445, 14. 111 408, 6. 492, 8. de latim· Dynamms V 5⁷92 13
tate ΙΙ 548, 10. ἐν τῷ περὶ τῆς παρὰ
Ῥωμαίοις ἀναλογίας 111 411, 9, ecclesiasticae cantilenae VII 250, 81
Dinarchus ἐν τῷ κατὰ Πολυεύκτου ΙΙΙ Emina. v, Cassius
293, 6. κατὰ Τιμάρχου 11 346, 14 Empedocles 1 488, 2
Diomedes VI 555, 5. 565, 4. 572, 13. Ennius 1 98, 12. 105, 18. 124, 18. 490,
578,26.V11218,1.in11 libroartis568,12 17⁸⁸. 11 97, 8. 203, 23. 333, 3. 401, 3.

