640

INDEX SCRIPTORVM

Vergilius georgicon

1111 352
357
358
359
377
379
886

387
391
398
403
408
420
421

425 ’

428
437
445
447
453
455
453
467
472
473
477
480
482
485
486
490
494
507
508
514
518
542
554
556
559

559 sq.

' 562

vn 455, 14
VII 97, 6
VII 472, 14
11 76, 20
7 683, 19
711 467, 26
1 412, 24. 711 416,
1111 266, 28
71 361, 1217
IIII 255, 18
711 606, 4
1111 82, 27
1111 262, 11
111 81, 21
11 403, 18
711 466, 6
1111 283, 17
ΙΙΙ 104, 5
1 122.23.711471,80
1 15, 1
111 87, 21
1111 226, 13
1111 263, 34
7Π 488, 28
711 486, 6
7 686, 16
1111 247, 9
Vn 484, 22
VII 97, 1
1111 262, 7
711 609, 7
7 389, 22
711 474, 16
1111 230, 26
711 474, 14
711 644, 26
vn 97, 7
1 342, 26
7 464, 26
711 416, 6. 608, 14
1 418, 16
711 466, 8

563 sq. ΙΙΙ 192, 1

564

566

11 296, 16 (v. add.).
7 666, 3
1111 237, 36

prooem. Aen. V 202, 29. 298, 14

Aeneidos

I init. II 583, 16. ΠΙ 117, 23. 180, 2.
191, 22. 201, 16. 206, 22. 211, 12

1

1 12, 16. 18, 27. 91,
6. 210, 20. 469, 6.
,497, 1. 606, 23.
611, 8. 616, 23.
616, 1. 617, 33.
11 6, 11. 111 469,
8. 111141, 10. 426,
16. 480, 2. 486, 6.
636, 4. 7 74, 11.

1
1;
2

3

3
4
5

5 sq.

6

Φῆ

10

12

sq.

sq.

Vergpi? Aeneidos

v 118, 5. 121,34. 133, 26.
282, 3. 648, 18. 71 26,
24. 29, 28. 37, 22. 62,
28. 64, 4. 61,17. 63,
80. 66, 32. 102, 23. 108,
16. 116, 6. 128, 26. 162,
19. 240, 4. 282, 29. 284,
27. 866, 1032. 884,1949.
386, 2006. 498, 23. 508,
8. 617, 17. 690,1. 517,
3. 531, 27. 538, 11. 711
49, 2. 146, 6. 861, 8

II 415, 8. ΙΙΙ 143, 20

111 888, 6

1 266, 12. 443, 31. 460.
23. 462, 3. 497, 26. 111
166, 10. 306, 18. 876,
14. 1111269, 18. 892,13.
395, 14 444, 19. 511,
34, V 34, 8. 55, 5. 286,
22. 297,17. 301, 3. 324,
7. 389, 1. 400, 17. 682,
16. 71 88, 24. 121, 21.
286, 7. 612, 4. 515, 27

1 270, 19. 279, 14. 442,
27. 450, 21. 111 53, 25.
1111 264, 12. 396, 29.
V 890, 9. 660, 18 71
22, 11. 66, 16. 190, 9.
218, 2. 230, 8*. 232,
4*. 466, 17. 711339,
28. 342, 8

11 386, 1. 111 194, 1

71 214, 7

111 103, 19. 196, 10. 289,
21. 492, 34. v 390, 7.
71 121, 19. 129, 3. 213,
1. 886, 2007, 711 339,
27. 420, 5

, 1 227, 13. 393, 11. 453,
15. 496. 34. 111 95, 19

1 498, 3. ΠΙ 62, 26. 83,
18. 193, 14. 1111 263,
23. 71 131, 11. 390,
2173. 623, 22. 71 350,

1 429, 1

1 438, 3. 617, 1. 11 424,
6. 449, 24. 111228, 26.
287, 10. 1111460,1. 71
108, 15. 113, 29. 377,
1744. 614, 8. 711 429,

1 260, 8. 111 346, 28. 71
616, 18. 533, 8. 711
361, 4

1434, 21. 1111 263, 23.
71 614, 7. 616, 20

111 110, 21. v1 108, 15. 214,
12. 539, 27

 

 

