Terentius in Adelphis

1111 2, 9
24
32
36
39
43
45

45
3, 12

42 sq.

4,1

5
20
25

5, 1
32
43
49
53
72
77
78

5, 1

7, 21
32
35
35

. 42

V 1, 1

3

8
2, 5
10
11
3, 21
23
25
29

41

41
53
51
51

52

4, 5

10
16
17

sq.

sq.

sq.

sq.

θρα.

sq.

111 322,

VII 475,

11 32,
111 75.
11 252,
111 304,

INDEX SCRIPTORVM

12. 355, 19
24

12

22

13. 111 237, 4

1 37, 17. 73, 1. 135,
15. 535, 24. 1111

395,
11 70,

vn 474,

11 500,
V1 555,
VII 471,

11 391,
111 184,

1 389,
V11 430,
ΙΙ1 364,
vu 120,

1 343,
111 119,
111 539,
1111 493,

11 314,

1 192,

V 449,
111 231,
VII 500,
111 432,

11 115,

237,

111 37⁷,

21

V 133,
III 299,
111 257,

11 428,
1111 30,

1 125,

1 390,
111 138,

32

14

13

3

12

12. vn 468,

23.11114,13
19. 304, 3
22 -

17

17

2

25

3

10

20

2

7

23

3. 329, 14
22

1. 111 15, 10.
1. V 37, 12
13. 1111 509,

13
12

27

3. V11 472, 3
15

4

9. 1111 313,

111 107, 20*. 177, 25.

290,

374,

111 225,
V11 473,
v 135,

11 335,

1[ 159,

11 375,

13. 329, 3.
15
2
3
3
25
3
22. 373, 3.

331, 23111230, 24.

259,
111 353,

1 130,
1 319,

22
21

10. 11257, 21
25. 111 231,

17. 297, 12. 333,
28. V11 493, 3

623

Terentius in Adelphis

V4‚

5,

7,
82

22
8 sq.

ΦΦΟὉΦ

11 sq.

15
17
21
23
26
27
35
4

5

8
14

in Andria

prol.

11,

1

Φθιωιθμ

33 sq.

43
47

47 sq.
’Π sq.

79
89

111 334, 2. 1111 493, 7
1 389, 5
1111 457, 1
1111 433, 3
1111 493, 23
11 500, 2
111 241, 19
1111 454, 22
1 339, 30
V11 454, 8
111 59, 1*
1111 490, 23
1111 474, 1
111 172, 11. 319, 13
1112, 1
1 119, 9. 193, 3.
219, 5
V11 433, 30
11 57,10

11 233, 5. V 302, 5.
111 434, 24. 333, 12.
1111 450, 7

. 111 422, 23

111 357, 18
VI 457, 13
VII 451, 4
111 337, 3. V11455, 29
11 399, 8. 531, 14
VII 514, 2
V 302, 11
111 119, 5.V1528, 17.
545, 19. 558, 15
111331, 8.
303, 7
V 397, 2
111 23, 21. 311, 17.
1111 551, 12. V11 451,
15. 475, 5
111 237, 9
111 133, 1
111 450, 17
111 257, 12
111 332, 3. 111339, 23
11 215, 2
111 59, 23
11 91, 1311114334
11 17, 2
111 433, 12. V1 559,
111 109, 20. 155, 8.
1111 155, 5. V 59, 33.
519, 33
Ι 223, 11*. 111 187,
V 517, 9
111 59, 21. 70, 5
1 199, 11
11 391, 18. V11493,5
Vl 203, 3

422, 3.

