INDEX SCRIPTORVM

Homerus 111 176. 22. 182, 4. 432, 31. Homerus Iliad.
1111 540, 1. V 587, 11. V! 60, ι5; 25.
56, 25. 57, 11. 68. 11. 260, 21. 284, 2.
374, 1847. 502, 18. 587, 18. 589, 21.
607, 3. 622, 7. 623, 14. 633, 3. 636,
25. vn 214, 8. 282, 5. 2112, 24. 259,
31. 882, 13. 534, 8; 8. 535, 7

Atticae linguae cultor, utpote patrii
sermonis adsertor I 336, 2. Homeri
carmina in circulis cum baculo dicta

I 434, 14

Ilias V1 56, 21. 210, 5. Μαι-31588 VI 68,
14. 79, 12. 188, 31. 288, 3. 838, 28

ΙῙ.”Α 1

12
19
43
46
71
84
88
105
114
135
136
162
249
255
275
334
415
449
457
462
525
592
659

Β 91
100
107
264
305
363
537
701
824
852

Γ 164
182
277
332
351
383

Δ 125

178
310

sq.

sq.

sq.

sq.
sq.

vl 36, 25. 505, 17.
517, 18

111 120, 8

VI 363, 962

VI 293, 14

11 460, 8

111 34,10

111 120, 14

111 214, 21

V 600, 26

· ΙΙΙ 287, 17

m 242, 5
111 304, 4
111 38,15
VI 184, 5
111 100, 3
111 230, 23

1 336, 5
111 239, 18
V 600, 27
VI 298, 14
V11 197, 4

11 187, 18
111 189, 18
V 887, 25

III 33, 16
in sceptro 1 443, 26
111 203, ’11
V 828, 13
ΙΙΙ 41, 21
VII 76, 6
111 418, 27
111 192, 19
Ι 480, 12
VI 344, 855

1 429, 16. VI 33, 3
1 499, 17. V1606, 1
111 203, 2
111 13, 22
111 190, 7
111 193, 23
V 623, 26.
858, 82
111 239, 21
111 300, 18

633, 87.

Ε 66;80 III 15 4

124

V 624} 23

595

Ε 178 ΙΙΙ 33, 7
252 VI 616, 13
822; 498 11 450, 8
Ζ 124 ΙΙΙ 33, 15
331 III 33, 7. 312, 23
800 V11 62,13
Η 113 111 33, 15
180 VI 505, 25
Θ 2 V1 73, 28
19 ΙΙΙ 287, 12*
24 llI 195, 17. 359, 16
287 111 266, 3. 239, 14
Ι 247 111 88, 7. 312, 28
527 111 293, 12 .
529 V1292, 8. 297, 80.
510, 15
859 sq. 111 306, 13
1( 878 111 14, 28. 15, 22
418 11 450, 8
Α 46 VI 505, 25
180 VI 500, 18
Μ 208 I 500, 16. V167, 27.
888, 1928
281 11 289, 22. 331, 6
239 111 804, 2
Ν 41 V 887, 28
80 V 623, 14
807 1 475, 18
Ξ 1 1 429, 26. 1139, 28
178 VI 33, 6
Ο 258 sq. 111 161, 14
633 111 139, 21
787, 78989 111 236, 5
Π 235 11 33, 11
280 sq. 111 136, 16
527 VI 293, 14
Ρ 159 111 84, 10
183 111 34,10
643 111 187, 13*
Σ 58 111 84, 10
Τ 882 ΠΙ 84, 8
Τ 88 111 848, 17
234 sq. 111 19, 4
877 111 460, 3
Φ 805 111 419, 1
Χ 128 1 300, 22
221 V 600, 10
387 111 314, 20
Ψ 2 1 500, 10. VI 452,20
221 1 495, 24
,Ω 1 sq. 111 306, 9
146 111 34, 10
2713 275 111 331, 24
391 111 33, 16
436 111 230, 7. 827, 25
Od. A 1 I 429, 18
9 111 230, 21
33 11 187, 18
163 sqq. 11 93, 1
Γ 39 111 18, 24

