586 INDEX SCRIPTORVM

cicere, Μ. Tullius in Verr. CiceroJM. Tullius in Verr.
act.8e0.17, 20 ῙΠῙ 42, 28. VI495‚ 11 αοῇ.880.160 155 ΠΙ 259 7
82 2² 1111 42, 29- 419, ⁷· 1'55 111 259² 11· 15
1171512435, 1²· Vll 157 111 259ζ 19'
17, 45 VII 4712 11 ‘³¹’ ¹⁵⁷ 111 ²⁵9’ ⁶3
19, 50 Ι 468, 11. V 525, 2. 11 1, 2 V11 453, 7
646, 3 2, 5 V11 509, 15
20, 54 V11 457, 20 3, 17 V11 4⁵¹» 27
21, 55 Vll 511, 21 13 11 330, 7
24, 62 VII 475, 1 . 17, 42 ¹ 213, 3
26, 67 1111 513, 17 19, 47 VII 113, 17
31, 79 VII 455, 18 21, 32 11 437, 13
35, 90 111 189, 7. 260, 3 24, 33 VII 452, 12
36, 91 V 42, 31. 177, 32. 23, 39 11 247, 13
498, 36. 506, 25 33, 73 V 475, 9
36, 92 11 307, 1 32, 73 Π 423, 11
37, 93 V11 114, 14 34, 33 VH 432, 13
40, 103 sq. 111 250, 6 33, 39 V11 432, 14
41, 104 111 326, 9 , ἓξ, {3ss {ff ἓξὲξ, {3- V473, 4
. 2 Ὶ
133 111 33:1¹1... ⁵} ,,,4,
42, 107 111 256, 24 3 , 133 199, 3· 47, 12
43, 110 111 261, 7 33, 143 111 233, 9
44, 114 111 251, 12 33, 133 VII 432, 13
45, 115 111 261, 16, 18. 262, 77, 139 V11 433, 24
18, 24’ ’ ΙΙΙ v 60, 15
116 111 262, 1 9, 23 1111 60, 7
117 111 262, 3, 4 14, 36 11 339, 5
45, 118 111 262, 5 16, 42 VH 457 25
119 111 262, 9 43 V11 492} 2
120 111 262, 12 18, 45 1111 438, 15. V 242, 5
121 . 111 262, 14. V 312, 5 47 11 534, 14
47, 122 111 252, 18 19, 48 Π 343, 21
123 111 252, 20, 22 49 VII 451, 9
48, 125 111 262, 24. 263, 2 21, 54 11 307, 7
1ξ6 {fl {6²2 ἓ· VH 496, 1 22, 55 Π 220, 20. VII 490,
50, 131 111 233} 7 11 ²⁷
51, 134 111 253, 11 ᾆξ’ {g Vn {g} Ξ
52, 138 111 70, 9. V 55, 4. 2 899· ⁹
245, 3 33, 77 111 348, 12
⁵32 139 111 2⁵⁷· 2 ἓξ ἷῗι Ἥ ἒὲ3 ῗὲ· ²⁸⁶’ ⁶
142 111 179, 13 47’ 113 V11 473² 4
33, 143 111 233, 13 68’ 158 V11 457’ 17
147 111 258, 11 ’. ’
143 111 258 1 70, 164 11 341, 10
57, 149 111 258ζ12.1111494,13 ἐξ] {gi {J 1ξὲ ἐξ
150 111 258, 15 ’ ²
58, 153 11 307, 2 Im 1 53, 12

59, 154 111 258, 18;22. 259, 4. 1, 2 V 153, 31
253, 15 2, 4 11 361, 5

 

 

